5	6
20	15
20	16
20	780
23	41
23	44
26	25
26	444
26	445
26	446
26	449
26	507
26	508
26	509
34	29
34	30
34	31
34	32
34	33
34	35
34	36
34	37
34	667
34	668
49	45
49	46
49	50
49	468
49	511
49	512
49	629
49	1307
49	1308
50	47
50	48
61	58
61	59
61	60
61	594
61	595
61	596
61	597
61	598
61	599
61	1319
64	66
64	67
64	68
64	69
64	70
64	1290
64	1291
71	9
71	10
71	12
71	13
71	14
71	42
71	58
71	59
71	60
71	130
71	131
71	132
71	133
71	148
71	149
71	151
71	152
71	153
71	154
71	155
71	157
71	185
71	186
71	187
71	188
71	189
71	190
71	229
71	230
71	231
71	232
71	237
71	238
71	239
71	240
71	241
71	259
71	263
71	298
71	299
71	340
71	341
71	342
71	343
71	344
71	345
71	346
71	347
71	413
71	437
71	438
71	439
71	444
71	449
71	460
71	461
71	462
71	463
71	465
71	466
71	475
71	476
71	478
71	479
71	480
71	494
71	495
71	496
71	497
71	506
71	562
71	594
71	595
71	596
71	597
71	598
71	599
71	600
71	601
71	602
71	603
71	604
71	605
71	606
71	607
71	636
71	698
71	699
71	700
71	702
71	743
71	799
71	800
71	852
71	892
71	893
71	894
71	895
71	896
71	897
71	898
71	899
71	900
71	901
71	902
71	903
71	904
71	918
71	919
71	920
71	921
71	922
71	947
71	978
71	979
71	1004
71	1021
71	1022
71	1023
71	1062
71	1070
71	1071
71	1072
71	1074
71	1078
71	1079
71	1081
71	1086
71	1088
71	1090
71	1093
71	1094
71	1109
71	1110
71	1111
71	1112
71	1113
71	1114
71	1115
71	1140
71	1155
71	1213
71	1214
71	1215
71	1237
71	1238
71	1268
71	1295
71	1309
71	1319
71	1331
71	1362
82	81
82	257
82	258
82	295
82	297
82	474
82	716
82	717
82	718
82	875
82	876
82	1042
82	1359
83	72
83	73
83	74
83	75
83	76
83	77
83	78
83	79
83	80
83	98
83	99
83	100
83	101
83	102
83	113
83	114
83	115
83	116
83	117
83	158
83	159
83	507
83	508
83	509
83	573
83	574
83	575
83	576
83	654
83	766
83	907
83	968
83	1029
83	1091
83	1227
97	95
97	96
105	103
105	104
105	591
105	988
105	1314
109	107
109	781
109	787
120	118
120	119
120	121
120	122
125	17
125	126
125	744
125	745
125	746
125	747
125	1148
132	130
132	131
132	133
144	139
144	140
144	141
144	142
144	143
202	1
202	2
202	3
202	4
202	7
202	8
202	9
202	10
202	11
202	13
202	14
202	21
202	22
202	28
202	29
202	36
202	37
202	38
202	42
202	43
202	52
202	53
202	55
202	62
202	63
202	64
202	65
202	66
202	67
202	68
202	69
202	78
202	88
202	103
202	104
202	110
202	134
202	135
202	136
202	138
202	151
202	152
202	153
202	154
202	155
202	156
202	157
202	171
202	172
202	173
202	174
202	175
202	176
202	185
202	186
202	187
202	188
202	189
202	190
202	194
202	207
202	208
202	209
202	210
202	211
202	212
202	215
202	217
202	227
202	228
202	237
202	238
202	239
202	240
202	241
202	246
202	259
202	261
202	262
202	265
202	290
202	298
202	299
202	309
202	311
202	321
202	322
202	323
202	324
202	325
202	328
202	335
202	342
202	344
202	347
202	349
202	355
202	356
202	357
202	358
202	359
202	360
202	366
202	390
202	391
202	392
202	393
202	394
202	397
202	398
202	413
202	414
202	432
202	433
202	434
202	435
202	436
202	437
202	438
202	440
202	441
202	442
202	443
202	444
202	445
202	446
202	447
202	449
202	451
202	453
202	454
202	460
202	461
202	462
202	463
202	465
202	466
202	467
202	474
202	477
202	485
202	494
202	495
202	496
202	497
202	498
202	499
202	500
202	501
202	502
202	503
202	504
202	505
202	506
202	507
202	508
202	509
202	518
202	519
202	521
202	522
202	523
202	526
202	541
202	542
202	546
202	547
202	548
202	565
202	567
202	568
202	569
202	578
202	581
202	582
202	583
202	584
202	585
202	586
202	589
202	592
202	593
202	618
202	619
202	620
202	621
202	622
202	623
202	624
202	625
202	626
202	627
202	628
202	638
202	639
202	640
202	641
202	642
202	645
202	652
202	654
202	664
202	668
202	677
202	680
202	708
202	709
202	710
202	711
202	712
202	713
202	714
202	715
202	721
202	722
202	723
202	725
202	726
202	729
202	730
202	731
202	732
202	734
202	735
202	736
202	737
202	738
202	739
202	743
202	748
202	749
202	750
202	751
202	752
202	761
202	766
202	767
202	768
202	769
202	772
202	773
202	774
202	775
202	776
202	777
202	778
202	795
202	796
202	797
202	803
202	808
202	809
202	810
202	818
202	819
202	829
202	830
202	831
202	832
202	833
202	835
202	850
202	858
202	866
202	867
202	868
202	870
202	871
202	875
202	876
202	905
202	907
202	909
202	911
202	926
202	927
202	929
202	930
202	931
202	932
202	933
202	934
202	935
202	936
202	937
202	938
202	939
202	942
202	947
202	953
202	967
202	968
202	973
202	984
202	985
202	986
202	987
202	988
202	991
202	1004
202	1020
202	1029
202	1030
202	1031
202	1032
202	1033
202	1034
202	1035
202	1045
202	1057
202	1058
202	1059
202	1060
202	1061
202	1062
202	1069
202	1091
202	1121
202	1123
202	1124
202	1125
202	1126
202	1128
202	1129
202	1132
202	1140
202	1141
202	1142
202	1147
202	1150
202	1151
202	1152
202	1153
202	1154
202	1162
202	1163
202	1164
202	1165
202	1176
202	1184
202	1185
202	1186
202	1187
202	1188
202	1189
202	1190
202	1203
202	1204
202	1205
202	1217
202	1227
202	1228
202	1241
202	1242
202	1243
202	1244
202	1245
202	1247
202	1248
202	1249
202	1250
202	1252
202	1253
202	1254
202	1255
202	1256
202	1257
202	1273
202	1274
202	1275
202	1276
202	1277
202	1278
202	1289
202	1290
202	1291
202	1292
202	1293
202	1294
202	1295
202	1296
202	1297
202	1298
202	1314
202	1325
202	1358
202	1359
202	1362
202	1370
202	1374
202	1382
202	1397
202	1416
202	1417
150	148
150	149
156	151
156	152
156	153
156	154
156	155
156	157
156	391
156	392
156	393
156	394
160	1156
160	1157
160	1158
160	1159
160	1160
160	1179
160	1180
160	1181
160	1182
169	455
169	456
169	457
169	458
169	459
169	543
169	544
169	545
169	1067
197	17
197	90
197	124
197	125
197	126
197	177
197	180
197	195
197	196
197	204
197	205
197	206
197	207
197	208
197	209
197	210
197	268
197	306
197	307
197	339
197	424
197	570
197	703
197	705
197	744
197	745
197	746
197	747
197	801
197	802
197	910
197	911
197	974
197	975
197	990
197	1040
197	1084
197	1085
197	1101
197	1102
197	1103
197	1148
197	1207
197	1231
197	1262
197	1318
197	1322
197	1332
197	1350
197	1381
197	1383
197	1403
199	201
199	721
199	722
199	723
199	1175
207	27
207	204
207	205
207	206
207	401
207	402
207	403
207	404
207	405
207	406
207	407
207	659
207	869
207	945
207	1279
207	1320
207	1321
207	1368
207	1369
213	211
213	441
213	442
213	443
214	548
214	580
219	193
219	218
219	790
219	791
219	792
219	793
219	794
224	220
224	221
224	222
224	223
224	225
233	234
233	235
233	236
243	160
243	242
243	244
243	245
243	247
243	248
243	249
243	250
243	251
243	252
243	253
243	254
243	255
243	590
243	1156
243	1157
243	1158
243	1159
243	1160
243	1179
243	1180
243	1181
243	1182
256	170
256	269
256	270
256	271
256	272
256	905
256	906
256	974
256	1085
256	1232
256	1240
265	259
265	262
265	298
265	299
265	419
265	420
265	421
265	422
265	438
273	269
273	270
273	271
273	272
273	1232
274	203
274	730
274	734
274	735
274	736
274	1004
274	1005
274	1006
274	1397
278	275
278	276
278	277
279	280
279	656
279	658
279	1336
279	1337
295	42
295	297
295	541
295	542
295	970
295	1042
295	1085
298	61
298	185
298	186
298	187
298	188
298	189
298	190
298	299
298	335
298	743
327	15
327	16
330	17
330	319
330	320
330	331
330	418
330	447
330	748
330	749
330	1334
330	1335
330	1354
330	1355
330	1360
334	335
334	1273
334	1274
334	1275
334	1276
334	1277
334	1278
412	12
412	13
412	18
412	19
412	24
412	28
412	42
412	55
412	110
412	127
412	128
412	150
412	151
412	152
412	153
412	154
412	155
412	156
412	157
412	161
412	162
412	163
412	164
412	165
412	166
412	167
412	168
412	178
412	179
412	181
412	182
412	185
412	186
412	187
412	188
412	189
412	190
412	231
412	232
412	237
412	238
412	239
412	240
412	241
412	246
412	261
412	262
412	263
412	265
412	266
412	291
412	292
412	293
412	294
412	298
412	299
412	300
412	301
412	302
412	303
412	304
412	319
412	320
412	326
412	350
412	363
412	364
412	365
412	370
412	372
412	373
412	391
412	392
412	393
412	394
412	413
412	414
412	419
412	420
412	421
412	422
412	437
412	438
412	439
412	444
412	448
412	449
412	456
412	457
412	458
412	459
412	471
412	472
412	473
412	474
412	494
412	495
412	496
412	502
412	504
412	507
412	508
412	509
412	517
412	556
412	557
412	562
412	578
412	579
412	618
412	619
412	620
412	621
412	622
412	623
412	624
412	625
412	626
412	627
412	628
412	631
412	632
412	633
412	634
412	666
412	727
412	728
412	790
412	791
412	792
412	793
412	794
412	799
412	800
412	820
412	836
412	837
412	838
412	839
412	840
412	841
412	842
412	843
412	844
412	845
412	846
412	847
412	848
412	851
412	852
412	860
412	861
412	862
412	863
412	864
412	865
412	866
412	867
412	868
412	873
412	874
412	877
412	880
412	884
412	885
412	886
412	887
412	888
412	889
412	890
412	892
412	893
412	894
412	895
412	896
412	897
412	898
412	899
412	900
412	901
412	902
412	903
412	904
412	914
412	915
412	946
412	947
412	954
412	963
412	965
412	978
412	979
412	1000
412	1001
412	1002
412	1003
412	1016
412	1017
412	1021
412	1065
412	1067
412	1070
412	1071
412	1072
412	1073
412	1074
412	1075
412	1076
412	1078
412	1079
412	1081
412	1088
412	1089
412	1090
412	1092
412	1093
412	1094
412	1123
412	1124
412	1125
412	1126
412	1140
412	1143
412	1144
412	1156
412	1157
412	1158
412	1159
412	1160
412	1162
412	1163
412	1164
412	1165
412	1177
412	1178
412	1184
412	1185
412	1186
412	1187
412	1188
412	1189
412	1190
412	1213
412	1219
412	1237
412	1238
412	1264
412	1265
412	1273
412	1275
412	1286
412	1287
412	1288
412	1309
412	1310
412	1326
412	1333
412	1340
412	1341
412	1342
412	1343
412	1344
412	1345
412	1352
412	1357
412	1361
412	1364
412	1373
412	1393
412	1394
412	1395
412	1396
412	1405
412	1408
412	1409
412	1419
338	336
338	337
348	336
348	337
348	340
348	341
348	342
348	343
348	344
348	345
348	346
348	347
348	637
348	1266
355	354
373	350
373	414
373	608
373	609
373	610
373	611
373	612
373	613
373	614
373	615
373	616
373	617
373	618
373	619
373	620
373	621
373	622
373	623
373	624
373	625
373	626
373	627
373	628
373	630
373	631
373	632
373	633
373	634
373	635
389	14
389	21
389	22
389	24
389	43
389	55
389	56
389	57
389	84
389	85
389	86
389	134
389	135
389	136
389	158
389	159
389	216
389	246
389	269
389	270
389	271
389	272
389	291
389	292
389	293
389	305
389	313
389	340
389	341
389	411
389	438
389	444
389	445
389	446
389	449
389	477
389	487
389	490
389	492
389	493
389	494
389	495
389	496
389	502
389	504
389	510
389	514
389	515
389	541
389	542
389	548
389	549
389	577
389	578
389	580
389	592
389	593
389	594
389	595
389	596
389	597
389	598
389	599
389	654
389	665
389	687
389	688
389	689
389	702
389	721
389	722
389	723
389	737
389	738
389	739
389	740
389	766
389	767
389	769
389	807
389	808
389	809
389	810
389	829
389	831
389	832
389	835
389	843
389	844
389	845
389	846
389	847
389	866
389	867
389	868
389	875
389	876
389	884
389	885
389	886
389	887
389	888
389	889
389	890
389	892
389	893
389	894
389	895
389	896
389	897
389	898
389	899
389	900
389	901
389	902
389	903
389	904
389	907
389	908
389	925
389	926
389	943
389	947
389	968
389	980
389	981
389	982
389	983
389	1025
389	1028
389	1029
389	1073
389	1089
389	1091
389	1096
389	1097
389	1098
389	1099
389	1100
389	1130
389	1149
389	1198
389	1199
389	1200
389	1201
389	1217
389	1218
389	1227
389	1236
389	1292
389	1293
389	1294
389	1295
389	1349
389	1359
389	1362
389	1370
389	1382
389	1398
435	432
435	433
435	434
435	436
440	111
440	184
440	237
440	238
440	239
440	240
440	241
440	321
440	322
440	323
440	324
440	325
440	326
440	332
440	333
440	356
440	357
440	358
440	359
440	360
440	361
440	362
440	363
440	364
440	365
440	366
440	367
440	368
440	369
440	370
440	371
440	372
440	374
440	375
440	376
440	377
440	378
440	379
440	390
440	397
440	398
440	412
440	423
440	438
440	439
440	456
440	457
440	458
440	459
440	489
440	507
440	508
440	509
440	517
440	525
440	529
440	530
440	531
440	532
440	533
440	534
440	535
440	536
440	537
440	538
440	539
440	540
440	579
440	665
440	666
440	758
440	760
440	788
440	820
440	852
440	878
440	879
440	881
440	882
440	911
440	918
440	919
440	920
440	921
440	922
440	1018
440	1024
440	1036
440	1037
440	1067
440	1086
440	1120
440	1123
440	1124
440	1125
440	1126
440	1140
440	1141
440	1143
440	1162
440	1163
440	1164
440	1165
440	1166
440	1167
440	1168
440	1169
440	1170
440	1171
440	1310
440	1338
440	1362
440	1363
440	1371
440	1386
440	1404
440	1419
447	237
447	238
447	239
447	240
447	241
447	339
447	400
447	445
447	446
447	448
447	449
447	507
447	508
447	509
447	517
447	558
447	559
447	560
447	703
447	705
447	707
447	748
447	749
447	1007
447	1038
447	1372
448	260
448	450
448	748
448	749
448	1138
449	54
449	108
449	147
449	148
449	149
449	260
449	444
449	445
449	446
449	450
449	491
449	560
449	580
449	701
449	748
449	749
449	817
449	1086
449	1138
449	1267
449	1305
449	1306
452	451
452	453
452	767
452	768
452	769
453	451
453	767
453	768
453	769
464	460
464	461
464	462
464	463
464	465
464	466
469	470
477	475
477	476
477	478
477	479
477	480
503	494
503	495
503	496
503	497
503	499
503	501
503	502
503	504
503	505
520	315
520	316
520	518
520	521
520	522
520	523
520	638
520	639
520	640
520	641
520	642
520	858
546	547
546	1150
546	1151
546	1152
546	1153
546	1154
555	550
555	551
555	552
555	553
555	554
561	397
561	398
561	507
561	508
561	509
572	571
628	414
628	618
628	619
628	620
628	621
628	622
628	623
628	624
628	625
628	626
628	627
637	7
637	8
637	11
641	518
641	522
641	638
641	639
641	640
641	642
661	329
661	594
661	595
661	596
661	597
661	598
661	599
661	660
661	662
661	663
661	836
661	837
661	838
661	839
661	840
661	841
661	842
661	858
661	878
661	879
661	881
661	882
661	1066
661	1166
661	1167
661	1168
661	1169
661	1170
661	1171
661	1346
670	315
670	316
674	671
674	672
674	673
674	675
677	676
677	678
677	679
686	134
686	135
686	136
686	137
686	150
686	312
686	681
686	682
686	683
686	684
686	685
686	1385
690	183
690	267
690	281
690	282
690	283
690	284
690	285
690	286
690	287
690	296
690	425
690	426
690	427
690	428
690	429
690	430
690	431
690	588
690	657
690	704
690	805
690	812
690	813
690	814
690	815
690	816
690	964
690	971
690	1041
690	1043
690	1044
690	1083
690	1095
690	1117
690	1118
690	1121
690	1155
690	1172
690	1173
690	1202
690	1260
690	1261
690	1268
690	1269
690	1270
690	1271
690	1272
690	1299
690	1300
690	1301
690	1302
690	1311
690	1347
690	1351
706	384
706	397
706	398
707	24
707	41
707	81
707	88
707	123
707	148
707	149
707	211
707	380
707	382
707	383
707	384
707	385
707	386
707	387
707	388
707	441
707	442
707	443
707	471
707	472
707	473
707	507
707	508
707	509
707	558
707	559
707	644
707	646
707	647
707	648
707	649
707	650
707	651
707	669
707	692
707	693
707	694
707	695
707	696
707	697
707	718
707	720
707	730
707	780
707	910
707	911
707	918
707	919
707	920
707	921
707	922
707	926
707	1096
707	1097
707	1099
707	1100
707	1122
707	1129
707	1161
707	1192
707	1200
707	1357
707	1372
707	1400
715	708
715	709
715	710
715	711
715	712
715	713
715	714
715	1176
719	716
724	731
724	732
730	680
730	721
730	722
730	723
730	725
730	726
730	727
730	728
730	729
730	733
737	13
737	15
737	16
737	260
737	417
737	439
737	558
737	559
737	653
737	738
737	780
737	855
737	856
737	857
737	972
737	976
737	977
737	1007
737	1019
737	1048
737	1064
737	1138
737	1140
737	1206
737	1304
737	1315
737	1317
737	1365
737	1366
737	1372
737	1391
737	1419
739	738
742	741
742	1327
742	1328
742	1329
760	39
760	40
760	416
760	753
760	754
760	755
760	756
760	757
760	759
760	761
760	762
760	763
760	764
760	765
760	1356
765	579
765	756
765	758
778	772
778	773
778	774
778	775
778	776
778	777
782	150
782	207
782	208
782	209
782	210
782	1077
782	1080
782	1406
786	784
786	785
789	305
789	788
798	161
798	162
798	163
798	164
798	165
798	166
798	167
798	168
798	269
798	270
798	271
798	272
798	291
798	292
798	293
798	608
798	609
798	610
798	611
798	612
798	613
798	614
798	615
798	616
798	790
798	791
798	792
798	793
798	794
798	795
798	796
798	797
798	836
798	837
798	838
798	839
798	840
798	841
798	842
798	848
798	851
798	918
798	919
798	920
798	921
798	922
804	15
804	16
804	317
804	318
804	871
810	808
810	809
820	109
820	191
820	192
820	441
820	442
820	443
820	474
820	507
820	508
820	509
820	781
820	787
820	905
820	1128
823	821
823	822
823	967
823	969
826	171
826	172
826	173
826	174
826	175
826	176
826	198
826	199
826	200
826	201
826	203
826	285
826	381
826	451
826	734
826	735
826	736
826	824
826	825
826	827
826	828
826	830
826	833
826	1005
826	1006
826	1312
826	1335
834	381
834	829
834	830
834	831
834	832
834	833
834	835
834	1370
848	24
848	110
848	156
848	161
848	162
848	163
848	164
848	165
848	166
848	167
848	168
848	185
848	186
848	187
848	188
848	189
848	190
848	231
848	232
848	246
848	261
848	262
848	265
848	266
848	291
848	292
848	293
848	294
848	298
848	299
848	350
848	351
848	352
848	353
848	413
848	419
848	420
848	421
848	422
848	438
848	556
848	557
848	594
848	595
848	596
848	597
848	598
848	599
848	600
848	601
848	602
848	603
848	604
848	605
848	606
848	607
848	799
848	800
848	836
848	837
848	838
848	839
848	840
848	841
848	842
848	843
848	844
848	845
848	846
848	847
848	860
848	861
848	862
848	863
848	864
848	865
848	866
848	867
848	868
848	873
848	874
848	892
848	893
848	894
848	895
848	896
848	897
848	898
848	899
848	900
848	901
848	902
848	903
848	904
848	908
848	947
848	1237
848	1238
848	1340
848	1341
848	1342
848	1343
848	1344
848	1345
848	1349
848	1393
848	1394
848	1395
848	1396
848	1398
848	1409
849	246
849	350
849	351
849	352
849	353
849	556
849	557
849	594
849	595
849	596
849	597
849	598
849	599
849	866
849	867
849	868
849	873
849	874
849	884
849	885
849	886
849	887
849	888
849	889
849	890
849	1340
849	1341
849	1342
849	1343
849	1344
849	1345
849	1349
849	1398
849	1409
854	853
859	924
859	948
859	949
859	950
859	951
865	860
865	861
865	862
865	863
865	864
872	873
872	874
883	875
883	876
883	877
883	878
883	879
883	880
883	881
883	882
883	1359
891	9
891	10
891	170
891	289
891	310
891	354
891	355
891	373
891	399
891	408
891	409
891	528
891	556
891	557
891	579
891	608
891	609
891	610
891	611
891	612
891	613
891	614
891	615
891	616
891	630
891	631
891	632
891	633
891	634
891	643
891	655
891	707
891	779
891	852
891	872
891	884
891	885
891	886
891	887
891	888
891	889
891	890
891	954
891	955
891	956
891	1049
891	1050
891	1051
891	1052
891	1053
891	1054
891	1055
891	1056
891	1076
891	1082
891	1119
891	1141
891	1166
891	1167
891	1168
891	1169
891	1170
891	1171
891	1174
891	1193
891	1194
891	1197
891	1230
891	1280
891	1281
891	1282
891	1330
891	1339
891	1348
891	1349
891	1364
891	1380
891	1398
891	1409
912	145
912	207
912	208
912	209
912	210
912	314
912	347
912	397
912	398
912	780
912	871
912	910
912	916
912	917
912	1149
912	1212
927	39
927	40
927	305
927	308
927	379
927	410
927	440
927	519
927	524
927	527
927	563
927	666
927	788
927	856
927	928
927	1064
927	1166
927	1167
927	1168
927	1169
927	1170
927	1171
927	1229
927	1263
927	1276
927	1277
927	1315
927	1317
927	1373
940	929
940	930
940	931
940	932
940	933
940	934
940	935
940	936
940	937
940	938
940	939
942	9
942	10
942	237
942	238
942	239
942	240
942	241
942	267
942	356
942	357
942	358
942	359
942	360
942	425
942	426
942	428
942	429
942	430
942	431
942	475
942	476
942	478
942	479
942	480
942	564
942	570
942	691
942	702
942	704
942	805
942	806
942	812
942	813
942	814
942	815
942	816
942	852
942	1207
942	1362
944	158
944	159
958	51
958	82
958	112
958	315
958	957
958	959
958	960
958	962
958	963
958	966
958	991
958	992
958	1000
958	1001
958	1002
958	1003
958	1380
961	15
961	16
961	75
961	146
961	243
961	264
961	347
961	447
961	448
961	481
961	482
961	483
961	484
961	486
961	558
961	559
961	560
961	564
961	729
961	754
961	762
961	770
961	771
961	824
961	913
961	941
961	1010
961	1013
961	1104
961	1105
961	1109
961	1110
961	1111
961	1112
961	1113
961	1114
961	1115
961	1206
961	1216
961	1316
961	1334
961	1335
961	1365
961	1366
961	1372
961	1392
961	1407
988	984
988	985
988	986
988	987
998	993
998	994
998	995
998	996
998	997
998	999
1018	158
1018	159
1018	191
1018	192
1018	226
1018	471
1018	472
1018	473
1018	488
1018	513
1018	541
1018	542
1018	566
1018	989
1018	1007
1018	1008
1018	1009
1018	1010
1018	1011
1018	1012
1018	1013
1018	1014
1018	1015
1018	1016
1018	1017
1018	1024
1018	1025
1018	1145
1018	1146
1018	1239
1019	1020
1026	397
1026	398
1026	1027
1035	1030
1035	1031
1035	1032
1035	1033
1035	1034
1037	1036
1039	129
1039	425
1039	431
1039	444
1039	445
1039	446
1039	449
1039	450
1039	558
1039	559
1039	560
1039	923
1039	924
1039	1087
1039	1149
1039	1334
1039	1335
1039	1372
1046	587
1046	1047
1060	1061
1061	1057
1061	1058
1061	1059
1061	1062
1068	13
1068	15
1068	16
1068	106
1068	439
1068	653
1068	738
1068	739
1068	780
1068	783
1068	855
1068	856
1068	857
1068	1064
1068	1140
1068	1206
1068	1313
1068	1315
1068	1317
1068	1365
1068	1366
1068	1419
1104	112
1104	207
1104	208
1104	209
1104	210
1104	843
1104	844
1104	845
1104	846
1104	911
1108	1106
1108	1107
1116	158
1116	159
1116	367
1116	448
1116	449
1116	516
1116	853
1116	854
1116	1109
1116	1110
1116	1111
1116	1112
1116	1113
1116	1114
1116	1115
1127	425
1127	431
1127	448
1136	1131
1136	1137
1136	1183
1136	1195
1136	1196
1139	578
1143	439
1143	1144
1144	13
1144	15
1144	16
1144	395
1144	396
1144	417
1144	439
1144	653
1144	737
1144	738
1144	739
1144	780
1144	855
1144	856
1144	857
1144	952
1144	972
1144	976
1144	977
1144	1004
1144	1048
1144	1063
1144	1064
1144	1140
1144	1206
1144	1263
1144	1315
1144	1317
1144	1365
1144	1366
1144	1419
1161	134
1161	135
1161	136
1184	1185
1184	1186
1184	1187
1184	1188
1184	1189
1184	1190
1191	1184
1191	1185
1191	1186
1191	1187
1191	1188
1191	1189
1191	1190
1211	444
1211	449
1211	558
1211	559
1211	1203
1211	1204
1211	1205
1211	1208
1211	1209
1211	1210
1211	1372
1216	1214
1216	1215
1226	91
1226	92
1226	93
1226	811
1226	1220
1226	1221
1226	1222
1226	1223
1226	1224
1226	1225
1226	1303
1235	89
1235	90
1235	92
1235	93
1235	94
1235	415
1235	811
1235	1233
1235	1234
1235	1303
1246	1247
1251	1248
1251	1249
1251	1250
1259	1252
1259	1253
1259	1254
1259	1255
1259	1256
1259	1257
1259	1258
1278	519
1278	1248
1278	1249
1278	1250
1278	1276
1278	1277
1278	1384
1285	1283
1285	1284
1295	1290
1295	1291
1295	1292
1295	1293
1295	1294
1323	87
1323	1324
1323	1389
1323	1390
1334	447
1334	748
1334	749
1353	1399
1367	742
1374	1133
1374	1134
1374	1135
1374	1375
1374	1376
1374	1377
1374	1378
1374	1379
1401	288
1401	1402
1405	1404
1411	1410
1416	1415
1416	1417
1418	1387
1418	1388
1418	1412
1418	1413
1418	1414