	C1.1	C1.2	C1.3	C1.4	C1.5	C2.1	C2.2	C2.3	C2.4	C2.5
Gene_1	1879	2734	2369	2636	2188	9743	9932	10099	9829	9831
Gene_2	24	40	22	27	31	118	108	144	117	113
Gene_3	3291	3259	3214	3407	3298	1058	960	679	605	662
Gene_4	97	124	146	114	126	33	19	31	22	36
Gene_5	485	485	469	428	475	128	135	103	118	110
Gene_6	113	92	64	96	137	39	16	23	30	16
Gene_7	886	687	771	786	768	3002	2768	2861	2979	3104
Gene_8	84	25	67	62	61	277	246	297	241	212
Gene_9	68	63	94	70	64	255	260	233	293	299
Gene_10	802	874	863	853	937	212	201	236	232	176
Gene_11	3713	3620	3805	3682	3629	917	902	855	982	935
Gene_12	144	172	109	98	146	25	33	24	23	15
Gene_13	19	16	15	25	30	3	6	12	5	6
Gene_14	12488	13374	13208	13298	13286	3413	2949	3408	3414	3384
Gene_15	928	1396	1192	830	962	4535	4490	4612	4581	4473
Gene_16	3445	3424	3567	3256	3299	711	795	723	830	902
Gene_17	32	23	25	24	31	96	106	110	133	78
Gene_18	2465	2574	2269	2382	2286	555	599	586	556	505
Gene_19	575	497	459	706	713	2036	2007	2120	2246	2093
Gene_20	2391	2547	2639	2677	2551	524	749	598	520	504
Gene_21	1369	1423	1344	1378	1437	342	361	335	368	381
Gene_22	15371	15157	15201	15232	15791	6274	2330	3919	4620	2684
Gene_23	258	273	234	255	239	1113	1024	1039	1077	1120
Gene_24	811	940	861	939	905	3791	3666	3845	3641	3556
Gene_25	44	37	39	51	60	209	251	188	212	186
Gene_26	217	209	188	181	242	51	52	68	59	38
Gene_27	33	29	25	28	51	100	59	66	96	120
Gene_28	7560	7816	7851	7896	7484	1867	2389	1415	1766	2175
Gene_29	22	18	14	33	7	2	5	4	5	8
Gene_30	1522	1821	1574	1526	1691	6368	6595	6317	6299	6226
Gene_31	236	245	258	313	228	86	78	60	68	88
Gene_32	685	822	823	835	740	3064	3214	3029	3170	2951
Gene_33	6	10	4	3	3	3	0	2	1	3
Gene_34	1039	1007	1069	1164	1033	226	208	238	206	317
Gene_35	9	7	8	0	2	17	5	14	15	7
Gene_36	1199	1037	1220	1172	951	4706	4760	5038	4843	4888
Gene_37	2529	2314	2433	2344	2441	513	623	638	648	596
Gene_38	307	310	300	303	282	1182	1258	1225	1070	1235
Gene_39	977	1020	938	911	1003	3683	3946	3711	4147	3732
Gene_40	851	690	671	685	628	2992	2806	2821	2693	3015
Gene_41	1277	1197	1201	1154	1209	250	322	415	347	327
Gene_42	92	79	157	105	117	30	25	21	33	26
Gene_43	2497	2613	2871	2439	2629	631	652	737	711	736
Gene_44	925	949	649	884	859	3239	3360	3525	3283	3391
Gene_45	10	13	8	31	13	1	1	3	2	2
Gene_46	667	342	580	521	506	1981	1945	2030	1889	1967
Gene_47	756	781	754	804	782	195	200	214	200	182
Gene_48	380	455	402	345	545	1485	1609	1721	1735	1730
Gene_49	216	161	148	140	162	558	537	533	545	560
Gene_50	2147	2190	2165	2127	2180	595	589	480	600	592
Gene_51	702	690	702	827	779	217	140	147	211	158
Gene_52	3414	3456	3550	3660	3407	988	970	960	783	801
Gene_53	3711	3626	3789	3705	3684	912	897	1023	931	857
Gene_54	127	131	119	113	119	444	486	531	511	514
Gene_55	9	32	31	24	27	4	9	3	10	6
Gene_56	5	15	24	9	4	1	7	4	6	2
Gene_57	835	799	813	879	888	215	199	220	214	201
Gene_58	76	69	61	84	73	283	311	241	192	299
Gene_59	47	66	21	52	65	28	50	13	3	9
Gene_60	166	139	162	157	132	47	35	35	32	35
Gene_61	360	346	349	316	353	1451	1423	1427	1389	1482
Gene_62	129	116	124	146	79	31	25	35	28	38
Gene_63	8648	8589	9024	8540	8623	2412	2386	1605	2554	2960
Gene_64	968	1390	1170	1574	1581	5366	5595	5132	5475	5072
Gene_65	499	514	548	515	552	129	165	112	126	146
Gene_66	1176	1247	1188	1177	1182	304	288	293	299	395
Gene_67	0	5	3	3	8	27	30	24	20	24
Gene_68	155	241	195	113	170	616	653	609	588	684
Gene_69	1161	1275	1118	976	942	4187	4479	4516	4317	4545
Gene_70	750	702	672	918	743	3240	3049	3006	3300	3284
Gene_71	5	31	14	21	31	8	3	3	8	0
Gene_72	30	19	11	19	15	80	63	62	55	52
Gene_73	6517	6296	6443	6189	6215	1669	1643	1474	1582	1597
Gene_74	562	1110	816	685	805	2996	2935	2980	2851	3007
Gene_75	4374	4348	4753	4484	4447	1048	1145	1233	1063	1223
Gene_76	4	16	4	9	11	3	3	2	5	6
Gene_77	377	383	348	339	349	1611	1414	1552	1520	1506
Gene_78	623	902	917	654	753	3069	3164	3159	3302	3180
Gene_79	2901	3039	2811	2839	2854	677	630	787	692	669
Gene_80	422	457	396	419	410	141	102	115	86	120
Gene_81	384	400	403	331	420	1544	1457	1292	1548	1554
Gene_82	1075	952	1039	1017	1009	204	228	285	243	280
Gene_83	1843	1771	2004	1931	1753	7964	7815	7958	7777	7888
Gene_84	3	0	2	0	3	0	24	1	0	3
Gene_85	934	942	902	879	790	173	149	196	231	212
Gene_86	310	347	317	310	360	1184	1299	1233	1329	1214
Gene_87	6159	6823	6532	6657	6570	1781	1650	1836	1744	1607
Gene_88	3263	2900	3169	3278	3244	746	807	832	812	657
Gene_89	0	1	1	2	1	0	3	14	1	6
Gene_90	499	426	397	405	380	99	99	160	112	96
Gene_91	348	272	282	239	256	1288	1163	1273	1257	1201
Gene_92	3255	3593	3342	4126	4595	16378	16610	16210	15681	15595
Gene_93	1428	1166	1214	1356	1459	5666	5391	5574	5497	5622
Gene_94	3000	3084	3079	3058	2977	784	785	778	820	801
Gene_95	509	411	436	480	477	1935	1961	1803	1895	1866
Gene_96	949	904	930	1015	1119	4086	3852	3792	3621	3665
Gene_97	27	8	11	21	14	54	47	56	61	42
Gene_98	168	199	234	205	226	82	41	60	49	62
Gene_99	1250	1190	1324	1220	1247	298	322	306	256	327
Gene_100	208	146	169	121	152	39	49	44	49	29
Gene_1001	181	164	154	145	151	177	191	196	152	165
Gene_1002	69	52	43	58	41	51	54	36	58	42
Gene_1003	377	329	368	338	382	331	363	356	309	349
Gene_1004	309	220	274	219	274	235	251	162	299	266
Gene_1005	28	20	25	27	23	22	21	20	28	16
Gene_1006	496	610	586	641	557	627	587	595	633	662
Gene_1007	271	245	215	239	208	205	182	191	235	191
Gene_1008	247	198	338	280	311	311	276	251	294	307
Gene_1009	20	24	24	18	29	31	37	50	54	20
Gene_1010	2463	2659	4736	3330	2838	3681	3725	3327	3141	4414
Gene_1011	2	10	3	4	5	6	9	11	6	5
Gene_1012	293	289	288	265	343	293	259	280	382	321
Gene_1013	204	171	270	223	307	206	162	229	151	111
Gene_1014	573	418	489	394	566	472	325	483	438	532
Gene_1015	105	101	178	191	132	120	129	147	170	195
Gene_1016	863	653	551	509	711	710	552	676	738	592
Gene_1017	159	159	151	159	166	163	155	124	139	180
Gene_1018	2848	2619	2321	2737	2629	2514	2611	2625	2538	2267
Gene_1019	853	631	633	824	739	655	710	838	463	640
Gene_1020	1789	1735	1717	1705	1679	1651	1684	1588	1611	1746
Gene_1021	424	443	731	413	829	556	503	498	327	543
Gene_1022	968	973	890	981	897	889	1018	836	1029	977
Gene_1023	2039	2015	2034	1953	1858	1916	1778	1901	2089	2082
Gene_1024	517	536	542	492	523	553	576	541	511	550
Gene_1025	161	210	145	212	202	164	171	213	164	163
Gene_1026	1906	1975	1815	1797	1779	1822	1703	1692	1816	1873
Gene_1027	226	161	223	205	178	169	202	200	204	213
Gene_1028	1304	1266	1258	1203	1172	1369	1138	1259	1264	1409
Gene_1029	243	377	289	302	363	320	311	315	288	340
Gene_1030	118	145	112	170	111	157	137	120	192	106
Gene_1031	27	14	20	26	21	28	24	26	20	17
Gene_1032	254	357	318	323	350	325	273	307	335	276
Gene_1033	1663	1811	1732	1809	1692	1669	1676	1764	1659	1853
Gene_1034	665	660	575	418	635	633	590	824	738	664
Gene_1035	134	105	194	182	117	157	133	157	136	133
Gene_1036	921	858	868	848	939	1160	1044	1100	995	918
Gene_1037	500	383	465	387	512	380	478	406	455	425
Gene_1038	850	855	800	914	910	933	854	937	838	937
Gene_1039	108	76	81	73	105	85	91	83	90	79
Gene_1040	20	40	38	25	55	31	19	28	37	33
Gene_1041	17	24	48	12	24	21	13	25	21	49
Gene_1042	1480	1665	1817	1242	1469	1779	1645	1434	1230	1934
Gene_1043	564	616	574	519	540	579	616	615	598	648
Gene_1044	481	389	562	445	475	495	374	529	442	391
Gene_1045	317	320	298	304	291	325	276	342	290	226
Gene_1046	32	30	36	25	32	34	25	34	36	35
Gene_1047	331	315	416	325	352	348	403	409	344	316
Gene_1048	6411	4451	4065	5508	5371	5257	3810	5007	5333	5263
Gene_1049	292	193	362	189	254	230	244	303	180	283
Gene_1050	6505	8378	5791	6318	6730	6298	6555	5363	7945	6403
Gene_1051	5	9	4	3	9	6	3	3	4	2
Gene_1052	447	398	383	457	452	502	386	452	525	382
Gene_1053	18	8	15	13	15	8	9	16	15	18
Gene_1054	325	417	368	294	579	456	333	414	261	459
Gene_1055	31	35	37	30	29	33	37	33	37	33
Gene_1056	220	177	163	159	167	182	184	169	183	190
Gene_1057	3	1	1	1	0	3	3	4	3	3
Gene_1058	188	161	144	187	190	189	204	196	164	192
Gene_1059	515	440	490	484	483	516	504	456	473	459
Gene_1060	79	93	95	77	103	87	100	94	93	83
Gene_1061	109	114	108	96	111	121	108	110	109	121
Gene_1062	437	290	436	460	470	401	393	413	382	310
Gene_1063	5902	5469	9062	7197	5408	8325	7169	9209	8399	6628
Gene_1064	112	133	116	122	95	101	145	132	110	153
Gene_1065	251	304	291	255	383	250	386	397	280	384
Gene_1066	12	9	16	16	17	9	19	10	18	20
Gene_1067	1197	1716	1581	1917	1430	1289	1563	1505	1937	1558
Gene_1068	297	289	322	196	198	384	281	186	331	339
Gene_1069	412	463	322	434	336	468	430	344	440	399
Gene_1070	1793	1420	1388	1979	1056	1969	1731	1655	1716	1797
Gene_1071	14	27	15	14	12	20	13	22	24	20
Gene_1072	395	416	473	451	374	602	408	390	501	426
Gene_1073	1414	1221	1497	1438	1601	1589	1595	1795	1262	2049
Gene_1074	181	198	180	164	173	176	160	178	154	172
Gene_1075	1136	1198	1118	1250	1109	1079	1103	1150	1114	1055
Gene_1076	25	14	18	32	22	17	21	25	18	22
Gene_1077	2544	1995	2931	1980	2878	2319	2799	2517	2517	2957
Gene_1078	411	441	429	421	428	432	436	403	375	409
Gene_1079	234	211	295	351	277	252	257	199	297	192
Gene_1080	5	1	3	2	5	4	6	6	5	1
Gene_1081	315	313	362	304	223	339	275	345	364	278
Gene_1082	516	556	564	554	535	622	672	510	464	623
Gene_1083	4	8	7	8	10	8	7	11	8	12
Gene_1084	213	174	189	138	175	174	165	191	194	163
Gene_1085	81	94	84	108	102	85	70	119	82	97
Gene_1086	1813	1805	1523	1525	1782	1658	1809	1646	1822	1590
Gene_1087	1964	2107	2120	1960	2528	2462	1797	2070	2036	2157
Gene_1088	48	63	54	44	48	61	75	60	44	75
Gene_1089	634	679	566	456	459	425	544	469	452	702
Gene_1090	154	154	173	164	166	184	164	147	196	182
Gene_1091	30	30	38	33	43	24	41	30	34	45
Gene_1092	2104	1916	2400	2186	2211	2122	1972	2397	2036	2011
Gene_1093	159	220	225	226	309	215	215	160	280	183
Gene_1094	876	909	930	879	911	933	931	964	809	923
Gene_1095	12	11	17	9	11	4	6	12	10	12
Gene_1096	2	4	4	1	1	0	5	2	1	1
Gene_1097	705	800	769	692	756	795	729	711	719	777
Gene_1098	684	672	706	718	716	722	668	692	680	691
Gene_1099	6845	7040	6726	6278	6376	6861	6352	6329	7144	6716
Gene_1100	355	298	290	385	358	203	262	384	311	335
Gene_1101	797	859	981	807	1094	730	861	657	931	718
Gene_1102	633	632	564	612	681	673	605	658	584	592
Gene_1103	17	14	11	11	17	9	13	17	16	20
Gene_1104	4517	4314	2204	3260	2724	2393	2268	2789	2045	3207
Gene_1105	223	262	233	303	259	302	265	310	290	345
Gene_1106	652	593	871	501	498	577	659	642	606	618
Gene_1107	2009	1833	2317	2476	1848	2921	1835	2431	2903	2557
Gene_1108	1332	1378	1050	1209	1255	1089	1063	976	1185	1301
Gene_1109	539	389	476	501	572	542	435	457	416	582
Gene_1110	330	293	304	301	254	297	284	263	277	274
Gene_1111	11	13	17	16	5	8	5	17	17	5
Gene_1112	103	139	111	94	124	133	127	140	145	117
Gene_1113	362	462	403	452	415	432	487	381	372	364
Gene_1114	150	105	58	136	97	82	95	191	129	177
Gene_1115	177	176	169	154	150	140	166	151	152	147
Gene_1116	1980	1291	1396	1434	2168	1440	2149	2096	2275	2089
Gene_1117	1185	1228	1169	1028	1062	1391	738	1587	1348	1318
Gene_1118	75	75	91	94	69	107	78	87	87	105
Gene_1119	58	48	46	52	35	51	54	49	51	45
Gene_1120	6	7	7	5	7	11	9	3	4	11
Gene_1121	357	354	355	319	341	353	363	322	338	367
Gene_1122	97	127	134	166	167	137	116	109	136	150
Gene_1123	1352	1018	924	1421	1006	993	964	1297	1181	1092
Gene_1124	31	24	39	42	18	40	46	44	25	48
Gene_1125	993	1192	1188	1209	1115	1165	1084	1051	1083	1097
Gene_1126	782	757	815	655	590	686	1000	787	958	967
Gene_1127	170	159	172	167	130	179	189	136	120	158
Gene_1128	212	411	217	252	366	332	268	406	311	346
Gene_1129	33	36	37	41	38	36	47	30	38	46
Gene_1130	351	381	395	397	335	346	363	377	388	354
Gene_1131	32	46	35	63	49	52	32	44	46	37
Gene_1132	1455	1364	1256	949	1361	1484	1542	1465	1117	1302
Gene_1133	2484	2776	2574	2388	2929	2732	2471	2583	2420	2555
Gene_1134	1189	882	1351	1066	996	1035	1094	1110	986	1052
Gene_1135	473	406	417	488	404	533	417	414	508	441
Gene_1136	1065	999	679	647	1024	822	711	777	801	705
Gene_1137	21	24	31	23	27	38	28	35	43	26
Gene_1138	1132	1194	1109	1267	1183	1141	1139	1132	1177	1103
Gene_1139	60	70	66	49	62	55	56	38	42	38
Gene_1140	143	171	116	152	198	224	139	139	125	149
Gene_1141	7	12	13	8	10	9	5	7	10	6
Gene_1142	6	18	7	10	12	10	9	7	5	7
Gene_1143	870	1148	949	946	843	998	952	985	928	854
Gene_1144	321	351	295	381	388	372	296	325	329	233
Gene_1145	251	252	255	233	322	364	265	378	264	312
Gene_1146	180	261	246	140	218	244	298	194	179	149
Gene_1147	868	933	1287	843	913	975	1073	984	881	896
Gene_1148	528	554	509	418	480	616	451	461	525	529
Gene_1149	241	190	160	213	168	215	208	197	176	211
Gene_1150	611	712	615	645	657	583	696	594	659	635
Gene_1151	451	496	380	497	527	535	432	493	493	423
Gene_1152	67	42	87	44	67	46	55	82	74	49
Gene_1153	8256	8840	8224	7059	6642	7272	6761	9031	8986	8522
Gene_1154	1001	1351	979	964	1199	1188	977	891	1253	1290
Gene_1155	239	267	223	274	259	177	252	211	313	182
Gene_1156	1108	836	1153	1052	1277	1274	1175	1376	995	1434
Gene_1157	1704	1572	1332	1186	1199	1405	1085	1175	1768	726
Gene_1158	59	57	45	35	51	52	39	52	36	55
Gene_1159	6889	7446	6957	7772	7059	7353	7453	6841	7111	6528
Gene_1160	269	321	263	224	287	318	248	223	263	222
Gene_1161	70	41	28	40	38	28	44	39	48	47
Gene_1162	129	146	126	163	136	156	141	149	184	146
Gene_1163	768	855	807	875	745	920	691	822	867	955
Gene_1164	54	57	50	43	64	96	66	60	91	45
Gene_1165	5	4	3	3	0	3	0	1	4	0
Gene_1166	8	7	13	9	11	11	11	6	16	11
Gene_1167	2	3	2	0	6	1	1	2	7	9
Gene_1168	464	457	402	479	464	451	433	508	386	464
Gene_1169	126	129	116	114	131	125	109	117	107	149
Gene_1170	431	459	471	449	426	439	392	394	472	478
Gene_1171	385	407	351	429	320	382	404	382	391	400
Gene_1172	912	1076	977	1035	867	864	906	999	954	875
Gene_1173	74	95	75	73	61	90	79	96	69	60
Gene_1174	647	596	927	710	536	799	820	611	759	605
Gene_1175	4373	4237	3650	4698	4261	5019	3846	3420	3479	4863
Gene_1176	1899	2008	1845	1576	2065	1312	1788	1949	1553	1616
Gene_1177	1404	1169	1420	1305	1345	1257	1205	1276	1256	1340
Gene_1178	11	10	15	13	24	22	19	8	9	10
Gene_1179	188	186	218	219	185	159	166	194	182	249
Gene_1180	1906	1960	2939	2285	1560	2442	1187	2443	3007	2100
Gene_1181	1161	835	970	822	706	805	1069	793	859	767
Gene_1182	4409	3654	3039	4230	2726	3327	3989	4632	3792	4551
Gene_1183	956	951	924	952	1003	998	964	920	1013	999
Gene_1184	51	64	95	51	74	44	45	70	57	83
Gene_1185	643	618	649	600	635	602	543	602	507	604
Gene_1186	488	433	435	454	448	405	472	447	460	457
Gene_1187	247	292	447	366	382	331	418	352	285	393
Gene_1188	983	1063	1077	983	1044	992	987	1062	1159	1179
Gene_1189	2141	1765	2006	2136	1977	2040	2007	2086	2255	2071
Gene_1190	0	5	5	4	4	4	3	4	1	2
Gene_1191	1225	904	1171	1258	1351	1192	1165	1306	1171	1203
Gene_1192	957	870	825	1025	925	1089	978	978	939	959
Gene_1193	111	98	111	110	115	105	98	97	108	101
Gene_1194	1580	1563	1571	1612	1409	1496	1402	1594	1521	1634
Gene_1195	1437	1556	1721	1677	1760	1454	1656	1836	1371	1967
Gene_1196	86	53	72	83	72	99	73	76	62	56
Gene_1197	208	348	214	457	403	264	318	458	370	367
Gene_1198	401	437	400	318	335	392	466	406	368	344
Gene_1199	43	24	24	41	22	40	28	42	93	52
Gene_1200	929	1266	1113	1091	1106	752	1069	1041	973	1276
Gene_1201	50	39	41	35	45	67	33	33	59	37
Gene_1202	304	343	284	257	277	292	290	268	264	279
Gene_1203	24	34	26	40	22	35	29	37	23	34
Gene_1204	3162	3136	3188	3281	3309	3551	2955	3468	3308	3118
Gene_1205	251	251	237	235	200	251	254	266	245	205
Gene_1206	187	196	201	213	209	195	183	201	203	171
Gene_1207	101	80	183	112	125	94	87	66	70	111
Gene_1208	8	11	8	5	6	2	6	4	3	4
Gene_1209	41	25	51	42	47	38	34	40	28	39
Gene_1210	240	289	240	239	235	215	272	147	249	197
Gene_1211	56	67	48	65	71	75	67	73	73	74
Gene_1212	3052	2838	3226	2708	2974	3128	3031	3011	2823	3022
Gene_1213	279	324	282	301	336	311	313	311	333	311
Gene_1214	2161	2873	2688	3177	3193	3426	2893	2486	2903	2436
Gene_1215	55	79	85	60	74	62	82	67	54	67
Gene_1216	784	741	786	692	813	864	694	844	735	604
Gene_1217	1960	2108	2183	2065	2258	1901	2435	2159	1915	1918
Gene_1218	66	62	53	68	58	60	93	52	51	58
Gene_1219	52	75	67	60	76	57	80	60	63	65
Gene_1220	593	807	502	540	768	601	680	854	609	719
Gene_1221	424	454	388	396	448	408	456	337	440	430
Gene_1222	28	19	14	17	8	26	7	13	13	13
Gene_1223	379	492	552	419	365	362	395	470	330	636
Gene_1224	494	711	614	617	614	770	687	586	705	740
Gene_1225	1396	1527	1629	1952	1584	1896	1483	1754	1621	2075
Gene_1226	547	702	384	605	707	584	446	476	505	579
Gene_1227	223	140	205	140	196	151	180	229	170	216
Gene_1228	197	241	192	215	180	227	303	167	287	325
Gene_1229	12	9	13	15	19	18	14	18	11	20
Gene_1230	195	225	263	235	246	160	267	260	225	290
Gene_1231	98	89	82	74	114	80	100	75	58	128
Gene_1232	926	677	967	871	737	640	839	845	608	775
Gene_1233	79	80	104	37	86	115	94	34	91	92
Gene_1234	2	0	3	3	6	5	2	4	2	1
Gene_1235	2720	2756	2522	2862	2682	2660	2835	2944	2659	2767
Gene_1236	5	6	2	4	4	0	5	5	1	4
Gene_1237	387	466	330	289	333	505	439	391	332	439
Gene_1238	1204	1133	1114	1023	983	1018	1192	1058	1159	1047
Gene_1239	199	171	232	176	159	185	201	183	171	196
Gene_1240	44	38	61	32	59	30	70	31	29	43
Gene_1241	123	73	144	77	115	141	84	105	79	121
Gene_1242	3919	3631	3706	3653	4502	3557	3358	3686	3437	4375
Gene_1243	50	40	35	48	56	53	31	45	47	50
Gene_1244	803	916	795	714	822	733	837	750	815	719
Gene_1245	539	559	581	562	534	593	580	524	541	641
Gene_1246	316	262	244	372	294	353	310	229	317	283
Gene_1247	91	113	95	72	84	94	115	121	107	97
Gene_1248	788	493	901	725	680	947	153	551	706	756
Gene_1249	44	60	52	49	34	38	50	29	79	31
Gene_1250	1641	1413	1135	1195	1348	1108	1175	1413	1134	1118
Gene_1251	435	384	379	421	385	432	377	518	492	416
Gene_1252	2496	2836	2315	2433	3001	3065	3238	2800	2491	2777
Gene_1253	177	187	149	138	118	159	131	147	190	174
Gene_1254	32	45	51	50	46	48	55	50	48	49
Gene_1255	542	523	528	537	551	541	477	495	553	450
Gene_1256	2329	2462	2048	2076	2630	2570	2441	2502	2442	2565
Gene_1257	108	224	250	216	200	110	172	206	227	212
Gene_1258	38	28	31	44	36	40	31	39	34	33
Gene_1259	70	52	91	102	77	76	76	82	103	48
Gene_1260	1040	1040	875	1033	960	957	1030	1088	917	927
Gene_1261	362	236	563	418	506	328	418	375	459	423
Gene_1262	18	22	25	15	23	20	18	18	19	23
Gene_1263	326	395	359	411	320	311	248	346	406	390
Gene_1264	386	426	577	481	518	586	383	311	325	531
Gene_1265	1141	991	1139	1011	1140	996	1090	1070	1109	1015
Gene_1266	16	33	21	15	24	7	21	10	16	10
Gene_1267	2681	2294	2522	2408	2526	2787	2302	2879	2719	2572
Gene_1268	216	201	173	179	160	194	177	190	191	186
Gene_1269	491	551	502	538	558	524	481	469	543	499
Gene_1270	102	91	93	109	145	98	145	66	116	126
Gene_1271	2207	2268	2341	2230	2473	2315	2290	2283	2303	2295
Gene_1272	69	70	67	89	88	84	80	85	65	77
Gene_1273	19	9	14	27	15	12	9	10	11	11
Gene_1274	508	499	427	543	470	440	443	556	433	498
Gene_1275	12	13	9	9	12	10	8	14	9	7
Gene_1276	1447	1305	1389	1311	1389	1281	1387	1510	1327	1517
Gene_1277	290	357	298	304	309	342	306	312	306	321
Gene_1278	188	203	207	181	211	193	171	195	184	206
Gene_1279	972	1511	1141	989	1429	1154	788	782	1266	1293
Gene_1280	837	788	766	800	743	879	817	737	799	695
Gene_1281	767	810	985	703	953	918	896	916	840	837
Gene_1282	345	289	286	320	315	308	343	305	304	367
Gene_1283	11	14	16	7	17	16	4	10	4	15
Gene_1284	96	97	95	88	99	80	83	110	104	106
Gene_1285	41	49	31	42	50	46	41	33	55	46
Gene_1286	200	230	93	140	219	106	62	155	105	79
Gene_1287	142	146	133	153	159	143	160	142	144	116
Gene_1288	281	422	326	347	402	265	298	646	330	254
Gene_1289	1374	1013	1015	1061	1255	1777	1311	1570	1933	1320
Gene_1290	2	3	1	4	4	4	2	9	4	2
Gene_1291	390	357	429	313	418	335	325	333	305	442
Gene_1292	1103	1134	1369	1236	1191	1213	1041	1152	1122	1459
Gene_1293	509	641	528	465	481	385	596	571	422	520
Gene_1294	2049	2112	1966	2016	1997	2031	2180	2002	2015	2044
Gene_1295	913	1021	1081	989	1097	1129	1202	1251	1136	1109
Gene_1296	3051	3344	2827	2919	2993	3018	2543	3006	2979	2802
Gene_1297	781	575	931	980	966	777	1313	784	1191	820
Gene_1298	374	356	358	433	489	459	370	399	394	393
Gene_1299	408	426	405	484	433	322	419	443	450	422
Gene_1300	107	108	75	87	96	96	87	104	86	119
Gene_1301	181	295	260	281	243	263	259	241	246	249
Gene_1302	11	10	11	9	8	6	14	7	13	3
Gene_1303	1369	1454	1415	1486	1584	1480	1531	1570	1460	1539
Gene_1304	229	233	223	374	342	369	289	257	294	234
Gene_1305	9	10	9	9	9	17	8	11	9	13
Gene_1306	12	12	20	12	17	23	10	18	32	9
Gene_1307	33	23	23	31	26	40	36	30	33	26
Gene_1308	392	357	293	406	272	319	420	417	357	307
Gene_1309	218	215	248	208	201	211	202	243	235	227
Gene_1310	75	89	81	81	63	85	55	65	69	80
Gene_1311	329	321	281	338	255	344	287	326	433	281
Gene_1312	114	151	122	109	124	128	160	115	165	102
Gene_1313	885	985	910	1087	1083	972	1007	869	966	817
Gene_1314	3581	3433	3176	3535	3662	3504	3754	3786	3440	3328
Gene_1315	1602	1931	1863	1768	1741	1970	1846	1879	1780	2218
Gene_1316	150	150	209	227	156	193	149	170	183	182
Gene_1317	196	177	158	234	220	254	155	235	187	207
Gene_1318	4423	4098	4050	4504	3977	4374	4715	4357	3866	4745
Gene_1319	116	109	108	123	110	133	112	117	108	105
Gene_1320	4197	4585	4580	4930	5473	4069	5114	4139	4446	4214
Gene_1321	146	128	164	189	278	194	174	153	155	191
Gene_1322	2	3	5	4	5	2	3	0	2	1
Gene_1323	833	888	901	914	854	933	794	857	914	913
Gene_1324	33	53	34	33	87	34	87	34	61	44
Gene_1325	93	121	107	113	117	96	115	122	125	98
Gene_1326	184	163	182	150	194	219	158	149	148	185
Gene_1327	2997	2733	3235	3117	3767	2991	2485	2862	2786	2816
Gene_1328	789	771	670	671	956	693	533	760	592	701
Gene_1329	384	338	439	306	294	340	266	446	406	410
Gene_1330	2140	2377	2275	2397	2308	2165	2414	2260	2281	2249
Gene_1331	88	80	107	86	93	160	87	86	62	100
Gene_1332	2781	2694	2484	2720	2437	2920	2695	2988	2486	2330
Gene_1333	908	805	888	887	858	960	806	815	890	949
Gene_1334	4	1	4	6	3	2	1	2	4	0
Gene_1335	76	58	68	65	67	67	69	55	59	65
Gene_1336	110	102	98	101	96	88	75	103	98	110
Gene_1337	231	296	275	259	227	234	247	252	260	249
Gene_1338	44	25	39	48	26	49	48	34	31	45
Gene_1339	134	135	118	142	106	126	125	119	149	112
Gene_1340	114	118	161	83	95	107	135	86	105	120
Gene_1341	721	870	502	788	768	643	888	679	711	580
Gene_1342	456	464	560	475	519	515	500	529	506	556
Gene_1343	1593	1197	1724	1420	1552	1554	1231	1401	1187	1441
Gene_1344	416	452	406	433	448	433	463	428	446	429
Gene_1345	475	918	709	1109	754	790	829	744	760	601
Gene_1346	575	658	660	570	509	742	509	535	584	619
Gene_1347	153	145	151	149	140	164	199	171	211	133
Gene_1348	943	817	994	1142	934	885	1014	816	912	881
Gene_1349	210	247	222	200	224	270	182	209	256	226
Gene_1350	195	189	227	198	279	243	239	199	219	259
Gene_1351	19	9	11	15	21	13	10	10	9	11
Gene_1352	230	226	268	200	229	204	237	205	232	233
Gene_1353	200	101	88	161	254	194	145	214	195	94
Gene_1354	8	3	5	7	1	5	2	9	6	10
Gene_1355	64	102	92	96	85	62	102	51	49	73
Gene_1356	4	6	2	2	8	1	8	1	6	7
Gene_1357	69	66	84	63	61	65	92	57	54	66
Gene_1358	267	305	279	221	230	353	314	258	256	308
Gene_1359	585	551	675	604	548	670	601	576	585	683
Gene_1360	4	15	10	10	15	24	14	9	6	7
Gene_1361	201	143	221	180	231	184	206	170	158	213
Gene_1362	284	241	266	312	245	239	289	401	256	232
Gene_1363	13	16	19	17	12	12	12	24	15	22
Gene_1364	3	1	4	8	6	2	3	4	1	2
Gene_1365	226	177	214	219	185	189	245	247	256	193
Gene_1366	606	641	523	485	621	594	664	595	562	430
Gene_1367	12	7	12	12	15	19	16	15	9	8
Gene_1368	1806	2043	2205	2722	2422	2803	2210	2697	1958	1975
Gene_1369	1046	967	914	880	1051	900	1005	1120	953	1077
Gene_1370	3464	2345	2112	2221	2719	2865	2513	2545	2939	2421
Gene_1371	426	403	416	301	436	431	339	423	367	372
Gene_1372	719	624	696	751	605	670	658	679	680	702
Gene_1373	286	382	334	403	311	319	379	387	328	418
Gene_1374	120	102	169	148	136	181	135	134	125	139
Gene_1375	2221	1775	1759	1598	1660	1786	1578	1540	1727	1701
Gene_1376	128	130	142	119	120	116	121	113	115	137
Gene_1377	863	1026	943	820	905	976	831	827	830	833
Gene_1378	4	2	2	1	2	1	3	3	3	3
Gene_1379	400	375	429	374	396	408	415	364	400	356
Gene_1380	119	107	105	107	74	102	112	110	127	130
Gene_1381	227	436	293	264	301	309	334	335	350	370
Gene_1382	13	16	7	11	16	5	14	11	5	8
Gene_1383	60	66	56	66	96	62	48	73	74	62
Gene_1384	617	603	504	635	587	525	580	609	580	672
Gene_1385	1677	1698	1706	1557	1797	1778	1558	1592	1715	1746
Gene_1386	3621	5387	7896	6671	6791	4541	10750	3708	4790	5777
Gene_1387	1507	1201	1223	1532	1326	1301	1625	1597	1183	1338
Gene_1388	348	197	449	268	478	302	476	579	375	503
Gene_1389	699	636	764	702	657	711	838	801	649	678
Gene_1390	118	139	122	118	117	101	105	140	142	134
Gene_1391	278	377	375	468	366	305	341	371	356	296
Gene_1392	2380	2739	2905	2401	2756	2403	2785	2649	2677	3305
Gene_1393	502	771	636	465	610	777	612	620	849	523
Gene_1394	123	126	129	131	119	133	123	153	137	155
Gene_1395	808	650	734	753	611	795	518	604	595	743
Gene_1396	440	497	483	495	403	484	464	534	438	427
Gene_1397	234	127	132	136	214	157	120	205	187	161
Gene_1398	812	1045	954	875	939	949	1044	1086	784	963
Gene_1399	3526	3972	3994	4003	3269	3733	3818	3215	3751	3693
Gene_1400	341	309	213	343	278	402	315	362	266	297
Gene_1401	213	170	204	202	196	145	272	187	210	260
Gene_1402	96	111	90	98	92	83	126	141	114	77
Gene_1403	13	34	19	26	22	18	9	12	7	24
Gene_1404	3201	4031	3030	3705	3465	3114	3100	2039	3255	2743
Gene_1405	18	35	25	31	37	30	25	20	28	24
Gene_1406	364	373	530	437	383	413	456	319	556	522
Gene_1407	175	150	150	136	169	201	195	134	171	130
Gene_1408	920	924	852	860	902	948	959	898	874	952
Gene_1409	1681	1670	1695	1548	1650	1780	1579	1670	1752	1537
Gene_1410	9	5	2	4	4	7	4	2	0	5
Gene_1411	621	459	475	526	448	492	523	500	432	492
Gene_1412	677	655	799	740	1086	936	1036	795	996	837
Gene_1413	4	7	3	10	7	5	11	4	7	3
Gene_1414	852	994	910	976	1001	850	952	942	945	857
Gene_1415	408	378	428	425	417	345	423	356	394	350
Gene_1416	70	76	46	80	83	79	65	93	66	75
Gene_1417	5	5	6	4	2	6	4	3	1	4
Gene_1418	6	3	11	7	2	0	9	3	5	4
Gene_1419	21	40	31	47	27	45	20	36	39	23
Gene_1420	852	776	876	855	828	782	830	771	810	853
Gene_1421	591	529	543	598	619	579	554	572	483	568
Gene_1422	208	193	196	209	188	184	218	222	252	199
Gene_1423	124	106	90	88	97	88	118	94	88	100
Gene_1424	244	306	228	240	263	261	193	218	227	213
Gene_1425	926	1090	890	1009	886	898	783	1182	991	971
Gene_1426	654	694	780	775	906	834	689	803	720	731
Gene_1427	2	3	1	1	2	4	2	3	2	2
Gene_1428	44	51	54	49	42	52	29	48	63	66
Gene_1429	64	65	62	67	67	58	54	58	75	65
Gene_1430	2649	3401	2829	2081	2564	2161	2416	2179	2349	1668
Gene_1431	3897	5612	4953	4625	4929	4295	4519	4425	5518	4605
Gene_1432	242	400	233	247	284	331	418	307	336	309
Gene_1433	10	27	20	28	11	18	13	15	17	27
Gene_1434	50	52	54	39	44	35	32	51	49	50
Gene_1435	414	596	702	453	391	468	542	610	583	634
Gene_1436	245	254	290	302	277	280	269	254	248	251
Gene_1437	604	531	557	533	621	687	481	556	672	576
Gene_1438	504	657	507	549	624	521	516	513	557	515
Gene_1439	54	51	51	45	15	46	55	47	41	32
Gene_1440	215	155	182	189	133	275	172	172	149	170
Gene_1441	489	484	522	306	491	529	663	484	718	600
Gene_1442	1018	1002	1185	957	1197	923	1234	921	1239	895
Gene_1443	852	881	823	876	645	805	718	801	878	882
Gene_1444	449	388	338	367	429	408	401	368	414	348
Gene_1445	551	552	517	449	671	497	586	588	451	595
Gene_1446	2093	1830	1844	1878	2005	1872	1993	1677	1926	1770
Gene_1447	1767	1486	1400	1215	1521	1292	1769	1264	1413	1346
Gene_1448	350	276	310	279	273	243	284	346	312	349
Gene_1449	3	4	5	5	4	5	3	2	6	4
Gene_1450	294	275	295	281	309	280	244	261	318	283
Gene_1451	553	574	587	569	551	529	634	541	575	527
Gene_1452	4539	4074	4169	4617	4661	4035	4069	3758	4129	4069
Gene_1453	505	496	527	513	563	538	469	532	472	457
Gene_1454	182	205	239	184	218	223	213	204	220	144
Gene_1455	1570	1484	1714	1625	1554	1385	1947	1876	1659	1570
Gene_1456	342	671	487	596	511	613	692	627	447	547
Gene_1457	427	387	424	360	400	409	396	420	409	404
Gene_1458	1643	1604	1626	1566	1604	1618	1516	1587	1544	1626
Gene_1459	1042	1155	1028	1227	1064	817	1226	1329	1170	1435
Gene_1460	269	354	313	294	299	335	313	354	318	327
Gene_1461	729	671	707	878	731	814	428	813	799	602
Gene_1462	3711	3273	5235	4540	3934	4353	3952	4495	4448	4432
Gene_1463	2041	1784	1842	1959	2027	1739	1760	1739	1975	1973
Gene_1464	13	11	6	11	7	11	14	14	11	8
Gene_1465	322	295	549	439	258	398	444	530	368	351
Gene_1466	524	621	655	615	768	539	495	421	768	551
Gene_1467	1608	2319	1917	1525	2410	2379	1710	1193	2725	1647
Gene_1468	855	528	550	455	568	683	755	492	774	429
Gene_1469	120	92	133	128	112	128	135	108	138	127
Gene_1470	15	21	18	18	22	28	14	18	26	13
Gene_1471	640	736	703	689	795	668	782	633	832	677
Gene_1472	2122	1625	1881	1958	1832	1500	1776	1812	1771	2064
Gene_1473	253	219	227	205	213	208	197	226	212	240
Gene_1474	306	297	237	317	245	327	273	196	253	377
Gene_1475	834	872	886	839	877	814	810	873	861	893
Gene_1476	1179	1496	1398	1497	1416	1685	1526	1468	1523	1600
Gene_1477	723	674	708	787	808	793	802	772	611	771
Gene_1478	339	302	312	337	342	368	332	320	319	375
Gene_1479	1113	1064	1083	1113	1104	923	1278	1171	1268	980
Gene_1480	44	26	21	29	35	36	27	26	23	26
Gene_1481	4052	4174	3439	3538	3484	3578	3860	3437	4439	3818
Gene_1482	273	298	258	224	297	259	289	287	215	280
Gene_1483	794	540	707	633	701	843	777	718	616	695
Gene_1484	9	13	14	12	8	10	17	15	11	10
Gene_1485	930	1241	1053	1061	1184	944	1115	1213	993	1017
Gene_1486	63	24	86	41	52	33	53	34	14	52
Gene_1487	2819	3747	3740	3804	2738	3918	3984	3595	3739	4180
Gene_1488	69	65	49	54	53	72	48	57	58	72
Gene_1489	830	659	771	666	704	833	771	814	735	611
Gene_1490	157	145	201	90	133	125	194	140	98	109
Gene_1491	25	19	29	24	27	26	21	22	25	26
Gene_1492	2451	2530	2479	2527	2279	2042	2533	2451	2388	2276
Gene_1493	12	12	21	12	10	10	21	23	18	18
Gene_1494	11	8	13	11	8	5	6	5	11	7
Gene_1495	617	612	665	625	695	779	612	753	673	763
Gene_1496	323	245	296	252	230	186	288	295	275	291
Gene_1497	1846	1691	1757	1685	1659	1689	1749	1766	1865	1718
Gene_1498	3	1	1	5	2	4	1	4	4	6
Gene_1499	144	119	177	144	223	136	117	247	158	194
Gene_1500	161	171	181	150	161	210	143	141	199	211
Gene_1501	5463	5763	5721	6056	6697	4650	5168	6305	5972	5778
Gene_1502	2189	2342	2075	2297	2251	2100	2124	2263	2165	2206
Gene_1503	796	789	851	913	987	926	903	941	923	874
Gene_1504	137	126	156	98	149	107	113	137	86	132
Gene_1505	610	572	576	561	577	510	611	555	470	583
Gene_1506	330	292	318	304	312	300	327	248	331	309
Gene_1507	31	35	44	51	26	19	12	25	25	18
Gene_1508	2500	2505	2762	2491	2500	2051	2991	2440	2685	2569
Gene_1509	926	857	878	1010	952	849	902	968	752	893
Gene_1510	365	437	617	543	609	471	415	403	545	512
Gene_1511	67	73	80	56	67	97	123	78	104	94
Gene_1512	246	252	275	239	242	239	182	220	220	248
Gene_1513	435	361	485	508	313	325	422	451	471	458
Gene_1514	42	24	36	33	35	30	19	31	32	31
Gene_1515	587	900	780	740	680	890	679	611	597	585
Gene_1516	6413	5251	5721	7811	4706	6364	5938	6038	6116	5303
Gene_1517	115	155	72	119	187	63	92	133	222	178
Gene_1518	34	38	43	39	44	38	43	46	33	42
Gene_1519	990	883	1018	1039	1035	863	804	960	924	1059
Gene_1520	6	1	1	5	8	0	6	2	2	0
Gene_1521	280	357	508	486	420	502	514	417	340	375
Gene_1522	1270	1063	1130	1252	1278	1094	1167	868	1277	989
Gene_1523	214	195	191	192	180	226	200	195	197	189
Gene_1524	600	508	475	422	501	467	487	551	524	554
Gene_1525	433	403	428	398	340	364	447	404	378	426
Gene_1526	1780	2025	1692	2127	1788	1945	1994	1554	1989	2150
Gene_1527	293	277	291	283	310	296	297	321	309	277
Gene_1528	42	39	32	20	25	24	11	33	25	25
Gene_1529	10	9	18	18	9	7	29	11	22	11
Gene_1530	1029	1039	1122	1097	1087	879	1054	1107	1306	1103
Gene_1531	45	53	46	69	77	83	60	84	58	79
Gene_1532	7893	9471	8706	12451	11292	8859	8967	10659	8605	9195
Gene_1533	41	40	29	40	31	30	25	46	34	30
Gene_1534	701	661	595	701	568	559	620	700	656	599
Gene_1535	119	187	51	219	124	246	110	113	143	160
Gene_1536	7322	8037	8082	7812	9070	7282	7731	6880	7471	8322
Gene_1537	75	79	79	118	77	82	83	73	67	84
Gene_1538	1035	1227	1245	1124	1075	992	1234	1112	1130	1160
Gene_1539	1061	797	792	535	826	1197	843	941	1136	1217
Gene_1540	217	180	183	189	207	201	191	215	188	187
Gene_1541	15	16	14	21	14	22	16	18	10	17
Gene_1542	277	283	289	244	302	227	211	189	299	281
Gene_1543	4	11	11	9	5	9	5	11	13	4
Gene_1544	82	26	39	21	52	62	23	20	41	39
Gene_1545	3250	3070	3245	3285	3367	3151	3496	3203	3172	3223
Gene_1546	273	349	358	271	302	394	266	298	298	272
Gene_1547	13	12	10	14	15	12	8	12	10	9
Gene_1548	160	181	178	222	245	185	158	183	197	194
Gene_1549	62	64	70	104	100	84	89	74	104	66
Gene_1550	510	490	478	448	501	474	440	481	501	550
Gene_1551	15	15	20	24	17	18	14	14	29	16
Gene_1552	347	243	463	467	660	311	333	384	601	395
Gene_1553	1412	1423	1305	1239	1223	1579	1518	1423	1569	1332
Gene_1554	596	606	639	599	585	654	639	661	608	621
Gene_1555	102	112	92	102	108	99	126	151	116	101
Gene_1556	5536	5385	5724	6108	6079	6038	6287	6122	5464	5867
Gene_1557	2213	2369	2279	2423	2214	2231	2604	2187	2493	2237
Gene_1558	1424	1327	1166	1433	1374	1513	1301	1341	1113	1257
Gene_1559	55	58	37	53	49	44	61	47	54	41
Gene_1560	850	753	809	852	790	784	860	725	828	844
Gene_1561	1373	1815	1359	1580	1773	1775	1859	1611	1740	1822
Gene_1562	81	110	199	128	146	120	177	134	94	104
Gene_1563	468	615	503	572	503	520	502	452	461	458
Gene_1564	358	432	364	429	465	354	328	520	396	395
Gene_1565	1516	1513	1526	1833	1457	1636	1735	1599	1773	1383
Gene_1566	197	288	204	213	244	253	146	235	123	191
Gene_1567	153	173	146	146	94	118	109	105	97	102
Gene_1568	436	451	370	422	357	416	362	412	433	376
Gene_1569	957	1190	1010	1120	1280	1199	1198	733	870	1345
Gene_1570	831	980	799	931	947	821	874	975	832	845
Gene_1571	451	420	442	411	425	365	458	395	324	354
Gene_1572	887	893	910	902	899	922	900	889	931	905
Gene_1573	89	92	114	109	103	95	108	96	88	110
Gene_1574	42	34	50	33	42	31	27	38	41	28
Gene_1575	174	149	160	136	224	157	146	143	151	131
Gene_1576	1024	1111	1139	1117	1138	1124	1114	962	1171	1199
Gene_1577	167	233	195	185	155	158	128	206	155	169
Gene_1578	167	181	121	102	124	129	103	144	195	128
Gene_1579	465	355	404	480	545	439	433	437	563	588
Gene_1580	158	176	151	133	152	127	203	148	164	156
Gene_1581	1691	1624	1391	1694	1522	1914	1675	1470	1701	1472
Gene_1582	1492	1462	1668	1643	1674	1781	1646	1565	1583	1792
Gene_1583	57	42	54	39	43	54	41	70	44	49
Gene_1584	711	538	573	626	690	634	616	643	692	668
Gene_1585	218	245	237	241	242	244	216	243	256	240
Gene_1586	1070	1011	954	957	1042	1097	996	846	891	937
Gene_1587	313	309	239	359	314	286	283	329	275	340
Gene_1588	643	763	676	765	775	553	649	636	605	734
Gene_1589	287	471	373	322	304	367	257	304	325	360
Gene_1590	164	217	228	226	209	215	327	209	230	185
Gene_1591	25	20	38	33	24	33	39	16	22	30
Gene_1592	718	623	640	762	525	685	647	556	506	603
Gene_1593	1409	1282	1237	1317	1291	1290	1281	1206	1143	1255
Gene_1594	2508	2584	2596	2743	2338	2715	2766	2629	2473	2711
Gene_1595	962	875	937	766	1025	881	908	799	953	708
Gene_1596	92	86	101	95	69	81	95	103	102	101
Gene_1597	162	227	225	246	190	189	206	203	190	180
Gene_1598	2	7	6	4	7	5	9	7	6	2
Gene_1599	935	979	1076	862	881	1030	923	1095	1044	1094
Gene_1600	555	550	698	506	690	640	748	867	708	792
Gene_1601	186	162	226	136	177	190	119	206	191	163
Gene_1602	1289	1550	1098	1197	1195	1324	1414	1538	1449	1351
Gene_1603	966	1063	1950	1167	2105	862	1276	904	1711	1627
Gene_1604	235	182	186	252	238	226	185	326	219	218
Gene_1605	405	485	468	384	499	422	451	392	369	494
Gene_1606	769	725	714	815	764	787	791	822	751	730
Gene_1607	8	3	3	6	4	4	4	7	5	3
Gene_1608	152	121	127	127	116	107	90	108	140	129
Gene_1609	1753	1745	1447	1715	1391	1981	1647	2056	1582	1821
Gene_1610	631	571	548	577	564	470	720	743	621	640
Gene_1611	742	810	626	814	893	825	729	799	701	733
Gene_1612	437	411	371	395	349	372	422	443	373	424
Gene_1613	4666	2903	4208	3689	2639	4138	5192	4742	2411	6117
Gene_1614	276	317	354	284	281	337	284	280	281	341
Gene_1615	341	329	382	336	339	312	325	268	328	320
Gene_1616	2438	1904	2553	2217	2582	1844	1936	1867	2683	2637
Gene_1617	22	18	28	38	16	22	16	14	18	30
Gene_1618	486	500	459	468	475	469	486	527	496	471
Gene_1619	440	432	504	439	378	470	568	441	537	456
Gene_1620	627	620	575	550	601	708	580	596	627	523
Gene_1621	2423	2260	2407	2348	2518	2564	2076	2351	2236	1794
Gene_1622	330	293	290	368	440	299	332	396	330	340
Gene_1623	481	439	575	397	370	363	452	363	374	426
Gene_1624	241	208	234	247	317	171	280	216	361	241
Gene_1625	260	235	243	244	242	281	238	242	288	252
Gene_1626	17	22	31	6	21	17	27	32	22	5
Gene_1627	88	142	73	75	66	93	99	76	96	94
Gene_1628	86	49	39	13	50	38	50	50	34	46
Gene_1629	19	4	3	11	13	13	10	10	7	8
Gene_1630	74	54	71	92	81	76	75	78	63	73
Gene_1631	7	9	11	11	2	12	6	6	8	10
Gene_1632	2088	1850	2076	1797	1815	2342	1752	1539	1667	1867
Gene_1633	557	522	552	581	548	602	597	601	519	481
Gene_1634	47	45	30	49	58	41	77	71	44	75
Gene_1635	229	204	233	222	242	265	225	217	261	221
Gene_1636	778	832	698	795	693	779	679	671	880	767
Gene_1637	982	1141	1530	1325	1380	1290	1153	1167	1193	1268
Gene_1638	657	854	839	867	785	945	919	875	914	631
Gene_1639	486	560	497	500	520	523	311	310	561	492
Gene_1640	2508	2096	2228	2255	2300	2171	2490	2244	2303	2244
Gene_1641	373	257	313	285	267	274	362	268	296	320
Gene_1642	203	190	172	170	214	190	245	213	198	185
Gene_1643	549	525	326	433	449	324	518	596	266	396
Gene_1644	42	20	27	14	50	24	31	21	24	38
Gene_1645	1425	1528	1337	1292	1292	1335	1365	1219	1357	1404
Gene_1646	778	775	684	685	786	735	706	655	748	782
Gene_1647	55	32	40	69	89	108	60	41	50	87
Gene_1648	6106	7908	7240	8068	7797	6475	6675	6354	7072	6584
Gene_1649	322	359	247	273	309	315	233	260	310	313
Gene_1650	222	193	142	172	180	123	221	213	196	121
Gene_1651	5924	5278	5941	7349	6494	5915	5394	6341	6284	7502
Gene_1652	184	168	193	152	152	160	153	182	188	163
Gene_1653	109	158	118	214	203	145	205	145	214	149
Gene_1654	117	113	129	88	105	148	114	119	101	111
Gene_1655	86	89	104	107	87	109	119	82	77	74
Gene_1656	82	77	76	61	99	89	64	71	52	70
Gene_1657	106	105	65	104	128	52	75	109	76	115
Gene_1658	1022	1120	1293	1279	1318	1244	1218	1139	1142	1558
Gene_1659	22	9	33	27	21	20	35	24	18	35
Gene_1660	780	759	702	699	712	717	698	760	692	674
Gene_1661	415	369	506	575	324	566	380	442	309	482
Gene_1662	963	951	1024	1016	923	960	1043	1007	978	1022
Gene_1663	610	576	589	632	663	581	582	610	561	586
Gene_1664	697	545	545	610	543	637	623	616	517	580
Gene_1665	1352	1214	1371	1311	1242	1171	1181	1049	1338	1273
Gene_1666	1737	1704	1705	1580	1518	1576	1657	1653	1749	1810
Gene_1667	1128	967	924	1121	855	1110	1012	879	832	943
Gene_1668	540	484	736	553	696	604	537	489	621	686
Gene_1669	894	906	843	910	972	848	909	900	960	901
Gene_1670	29	32	36	39	45	31	33	39	33	31
Gene_1671	2113	2195	1757	2016	2262	2351	2149	2170	1702	2319
Gene_1672	403	412	442	509	516	339	415	458	502	456
Gene_1673	115	105	97	127	133	143	98	85	106	99
Gene_1674	2134	1848	1817	1835	1958	1861	1967	1931	1775	1758
Gene_1675	1492	1292	1587	1506	1336	1576	1635	1766	1545	1366
Gene_1676	695	593	633	515	692	608	544	654	628	460
Gene_1677	44	47	65	66	56	56	66	51	44	52
Gene_1678	867	902	913	957	895	856	873	913	980	1071
Gene_1679	425	460	485	463	455	449	444	405	404	468
Gene_1680	466	612	503	556	643	540	412	486	694	641
Gene_1681	516	550	499	511	512	492	533	508	531	486
Gene_1682	160	180	115	89	172	110	105	225	169	150
Gene_1683	766	757	570	635	567	748	665	713	550	646
Gene_1684	308	300	323	285	359	313	366	316	238	295
Gene_1685	531	450	458	492	515	508	443	480	460	525
Gene_1686	16	5	14	11	14	16	6	10	9	11
Gene_1687	357	290	366	343	317	275	384	401	400	377
Gene_1688	1374	1134	1421	1860	1628	1270	1395	1895	1197	1507
Gene_1689	834	751	919	1085	1033	971	834	902	879	1003
Gene_1690	667	882	858	914	966	1082	990	1187	1156	701
Gene_1691	149	139	164	137	100	130	116	130	173	141
Gene_1692	109	78	106	119	74	78	105	111	132	122
Gene_1693	1791	2062	2282	2109	1973	2325	2372	2044	1955	1912
Gene_1694	2099	2199	1862	2237	2614	2524	2211	2627	1775	2900
Gene_1695	855	868	866	1012	885	980	716	978	1075	1007
Gene_1696	43	29	52	32	33	29	44	25	18	29
Gene_1697	279	336	336	432	259	371	323	282	252	261
Gene_1698	174	163	177	144	143	92	141	213	108	152
Gene_1699	1425	1836	1373	2206	1881	1709	1679	1445	1644	1777
Gene_1700	30	31	33	41	21	48	76	22	25	42
Gene_1701	939	875	892	792	872	836	656	991	775	1014
Gene_1702	3	2	0	4	1	2	4	2	5	0
Gene_1703	1050	968	1058	1077	1120	1094	1100	1083	982	997
Gene_1704	562	534	589	654	637	616	603	560	552	546
Gene_1705	6102	6476	6083	6053	5312	5680	6392	6304	6595	5717
Gene_1706	4	7	6	9	0	2	8	7	7	5
Gene_1707	581	629	713	799	589	592	667	646	647	638
Gene_1708	443	420	423	416	411	474	424	421	422	415
Gene_1709	11	14	16	14	14	12	11	7	21	16
Gene_1710	65	67	63	77	80	53	62	52	80	66
Gene_1711	542	605	537	530	482	464	305	600	541	566
Gene_1712	108	109	130	110	80	102	102	79	86	60
Gene_1713	93	126	118	106	89	109	128	132	109	100
Gene_1714	325	271	376	312	306	324	289	375	366	319
Gene_1715	354	329	448	371	373	341	386	344	374	404
Gene_1716	122	119	139	113	115	134	110	109	122	111
Gene_1717	894	850	817	754	827	859	824	905	950	841
Gene_1718	42	27	38	27	37	19	15	25	42	26
Gene_1719	955	964	950	932	1049	860	866	896	807	989
Gene_1720	228	412	426	276	214	270	393	360	259	245
Gene_1721	55	48	47	41	55	42	59	56	61	52
Gene_1722	3592	3691	2950	3024	2622	3051	3306	3892	4034	2602
Gene_1723	895	570	780	890	1165	798	731	725	892	876
Gene_1724	4302	3234	2455	3427	3497	3115	3599	3860	3439	3273
Gene_1725	246	240	220	270	316	262	262	208	304	272
Gene_1726	1517	1409	1469	1308	1424	1576	1365	1409	1582	1709
Gene_1727	1199	1073	1233	1369	1190	1191	1278	1322	1117	1193
Gene_1728	7	7	21	12	22	9	8	17	16	12
Gene_1729	971	994	977	919	977	1157	1099	1162	1134	1022
Gene_1730	525	536	542	499	603	495	502	565	474	468
Gene_1731	3523	3481	3507	3472	3528	3528	3118	3515	3526	3360
Gene_1732	511	382	367	353	283	369	297	347	421	394
Gene_1733	210	212	209	208	241	207	177	183	210	209
Gene_1734	3115	2886	2635	2613	2429	2644	3002	2972	3093	2773
Gene_1735	733	893	901	785	853	911	890	1033	816	850
Gene_1736	410	418	382	338	434	432	391	406	419	386
Gene_1737	63	81	96	80	94	70	55	76	92	93
Gene_1738	51	42	82	59	28	67	48	48	28	58
Gene_1739	55	38	55	33	65	31	35	42	42	28
Gene_1740	739	496	511	792	417	777	460	534	576	520
Gene_1741	15	28	18	8	14	8	9	5	15	15
Gene_1742	1428	1230	1364	1439	1443	1473	1358	1510	1306	1249
Gene_1743	361	223	355	324	398	200	341	206	277	459
Gene_1744	12	18	14	7	10	3	6	14	11	28
Gene_1745	115	111	100	119	108	120	101	121	112	118
Gene_1746	515	405	554	568	498	555	503	596	585	597
Gene_1747	16	23	27	24	17	27	17	14	23	22
Gene_1748	510	379	357	313	373	366	312	303	276	409
Gene_1749	865	719	794	623	714	789	701	735	718	944
Gene_1750	201	209	168	203	249	235	234	218	275	198
Gene_1751	36	18	41	24	43	28	40	23	46	39
Gene_1752	1009	1018	1268	1065	919	918	987	977	1012	1020
Gene_1753	6	6	4	2	2	3	2	1	6	8
Gene_1754	30	11	16	23	13	20	21	13	17	20
Gene_1755	2542	2484	2423	2162	2582	2317	2246	2327	2183	2285
Gene_1756	277	313	294	326	293	329	296	336	375	433
Gene_1757	7	1	6	11	4	7	4	6	8	7
Gene_1758	721	661	585	557	630	695	654	584	578	759
Gene_1759	20	12	20	18	16	26	22	22	21	24
Gene_1760	881	768	925	747	688	714	1142	797	931	981
Gene_1761	91	118	64	101	100	100	90	92	79	105
Gene_1762	134	78	56	117	100	117	101	98	159	80
Gene_1763	67	49	76	78	70	65	88	80	63	59
Gene_1764	97	63	73	45	72	73	81	83	77	61
Gene_1765	780	775	715	672	695	620	751	764	551	546
Gene_1766	565	680	575	686	555	588	644	596	574	603
Gene_1767	495	359	703	452	346	216	629	468	463	630
Gene_1768	621	679	675	482	608	907	567	671	568	647
Gene_1769	20	19	20	22	17	22	20	22	17	20
Gene_1770	8	6	11	6	8	12	9	5	13	10
Gene_1771	667	723	609	566	690	587	596	544	780	723
Gene_1772	7233	6605	6839	6308	6681	6870	6109	5927	6166	6076
Gene_1773	13	17	15	19	25	14	32	15	19	11
Gene_1774	5022	6023	5751	6864	7886	4998	6488	6189	5944	8145
Gene_1775	679	789	749	965	1108	620	734	1034	932	812
Gene_1776	463	397	453	417	404	419	449	428	474	423
Gene_1777	350	329	459	419	386	445	438	431	436	392
Gene_1778	14	19	29	22	12	18	16	17	22	20
Gene_1779	305	321	361	358	358	314	303	355	469	362
Gene_1780	13	4	4	13	11	7	4	6	10	15
Gene_1781	607	763	930	821	1212	689	836	573	989	1010
Gene_1782	7	9	13	6	3	7	2	12	16	24
Gene_1783	628	626	646	705	605	596	585	678	763	553
Gene_1784	3	3	2	2	3	4	2	1	1	1
Gene_1785	2281	2363	2453	2185	2338	2470	2429	2673	2286	2396
Gene_1786	1413	1265	1189	1273	1474	1304	1189	1141	1430	1341
Gene_1787	1699	1406	1433	1628	1038	1038	1606	1421	1224	1464
Gene_1788	147	185	192	129	180	139	167	184	175	193
Gene_1789	59	68	82	84	50	60	75	60	57	66
Gene_1790	4	4	0	5	10	3	2	2	7	1
Gene_1791	983	1152	1169	1064	1088	1008	1172	999	983	972
Gene_1792	214	257	218	244	279	258	201	231	248	188
Gene_1793	15	26	25	13	24	22	25	23	28	23
Gene_1794	1444	1169	1230	1387	1280	1218	1287	1144	1396	1357
Gene_1795	575	460	555	635	653	500	515	581	548	498
Gene_1796	257	266	250	291	233	229	247	266	200	276
Gene_1797	72	62	95	80	58	153	48	94	87	95
Gene_1798	7	5	8	3	7	10	5	6	7	9
Gene_1799	634	679	649	568	665	509	646	533	685	726
Gene_1800	64	80	50	71	57	91	53	50	56	71
Gene_1801	3455	1984	2409	2620	2799	3089	3382	3168	2611	3037
Gene_1802	1468	1343	1183	1247	1269	1268	1383	1521	1449	1397
Gene_1803	1005	955	787	1101	931	1299	991	998	1087	1092
Gene_1804	478	427	494	494	460	428	368	435	489	427
Gene_1805	202	165	248	222	235	165	271	359	221	264
Gene_1806	418	343	346	409	334	334	332	384	375	447
Gene_1807	549	455	445	487	470	592	520	440	587	395
Gene_1808	637	643	778	572	726	723	592	615	578	589
Gene_1809	175	250	195	206	180	196	207	214	187	193
Gene_1810	1081	1103	934	779	869	1183	821	997	983	770
Gene_1811	18	7	32	20	15	22	15	14	8	7
Gene_1812	311	292	222	292	274	313	291	312	297	317
Gene_1813	87	71	48	79	89	70	70	98	64	85
Gene_1814	16	13	21	20	4	7	16	21	7	16
Gene_1815	1446	1232	1697	1405	1136	1870	1734	1283	1018	1557
Gene_1816	1948	1615	1611	1860	1681	1767	1504	1820	1637	1566
Gene_1817	251	195	246	303	141	201	238	188	217	185
Gene_1818	1122	1009	1177	1418	1074	1016	1231	1081	752	1516
Gene_1819	801	739	853	780	739	627	642	771	837	1009
Gene_1820	307	304	310	287	276	286	251	260	262	325
Gene_1821	1216	1435	1170	1528	1364	1535	1187	1454	1358	1582
Gene_1822	51	41	24	43	52	37	44	49	50	52
Gene_1823	796	1284	1093	839	856	1055	805	1237	869	842
Gene_1824	28	41	20	35	23	26	29	49	23	42
Gene_1825	769	778	641	584	730	770	644	665	694	566
Gene_1826	73	97	124	60	103	60	58	81	75	76
Gene_1827	29	24	14	45	30	22	26	31	51	20
Gene_1828	713	642	791	746	480	897	655	558	603	744
Gene_1829	3331	2633	3361	2632	3089	2897	3101	2729	3038	3116
Gene_1830	787	559	677	763	817	595	575	544	603	583
Gene_1831	1	1	3	3	1	2	6	1	4	2
Gene_1832	806	718	917	969	780	748	882	791	820	731
Gene_1833	393	418	435	389	416	426	421	406	366	432
Gene_1834	399	437	441	440	394	405	389	420	441	412
Gene_1835	4292	5503	3589	4125	5125	4392	6095	3486	5293	5434
Gene_1836	982	1033	942	900	898	868	924	990	921	954
Gene_1837	2493	2594	2173	1630	2620	2068	2052	2424	2485	2316
Gene_1838	27	29	34	43	38	37	35	34	26	37
Gene_1839	863	656	806	820	801	754	855	764	818	831
Gene_1840	190	260	213	136	258	213	229	209	188	200
Gene_1841	897	845	868	938	896	875	912	945	973	966
Gene_1842	46	43	37	44	24	64	39	61	103	75
Gene_1843	437	448	413	375	366	401	340	463	354	351
Gene_1844	221	181	235	233	198	193	249	282	259	213
Gene_1845	9451	8445	8470	7831	9591	8572	10222	10089	10098	10811
Gene_1846	292	305	400	169	254	265	379	316	314	282
Gene_1847	23	18	15	27	24	15	16	13	18	22
Gene_1848	225	161	199	145	177	176	188	188	208	130
Gene_1849	2383	2324	2606	2530	2713	2292	2550	2594	2247	2635
Gene_1850	612	737	553	758	591	527	679	871	815	693
Gene_1851	321	294	251	250	277	240	297	302	299	296
Gene_1852	1513	1611	1319	1514	1498	1565	1518	1320	1502	1391
Gene_1853	560	553	528	422	532	433	391	330	384	410
Gene_1854	95	76	70	82	74	78	91	80	81	92
Gene_1855	418	423	440	356	381	371	426	337	360	357
Gene_1856	181	218	313	225	269	284	201	219	207	238
Gene_1857	1122	875	933	1166	1031	1100	1016	1027	1050	947
Gene_1858	395	364	390	407	433	402	434	369	411	473
Gene_1859	5179	5392	5379	5545	5110	4752	4659	4839	5649	5060
Gene_1860	1156	1132	1111	1179	1059	1087	1076	1194	1046	1091
Gene_1861	313	331	362	259	362	279	306	331	224	218
Gene_1862	415	354	251	249	247	274	370	351	224	286
Gene_1863	3	7	13	12	3	5	8	5	8	10
Gene_1864	249	253	335	308	368	227	346	286	307	289
Gene_1865	422	442	449	449	452	455	437	413	413	417
Gene_1866	432	427	468	399	352	401	474	385	452	396
Gene_1867	159	141	168	181	89	160	173	189	146	164
Gene_1868	1437	1600	1521	1528	1537	1529	1524	1498	1555	1539
Gene_1869	176	158	173	180	221	189	183	173	186	201
Gene_1870	388	377	466	435	383	421	445	464	361	368
Gene_1871	39	90	59	44	44	58	50	40	46	61
Gene_1872	3	2	1	5	2	2	5	1	3	0
Gene_1873	114	192	101	112	127	81	92	82	89	69
Gene_1874	198	202	186	191	130	283	221	223	161	237
Gene_1875	490	417	427	440	367	412	437	376	402	404
Gene_1876	469	511	517	536	526	387	378	444	421	448
Gene_1877	44	25	29	40	37	67	46	59	69	33
Gene_1878	1954	1339	1466	2036	1811	1796	1329	1483	1351	1705
Gene_1879	716	728	705	740	703	713	750	714	694	709
Gene_1880	51	39	47	52	39	48	45	39	32	34
Gene_1881	35	72	108	115	84	90	81	80	75	85
Gene_1882	6	9	12	7	4	7	7	9	7	12
Gene_1883	462	500	459	398	447	442	428	486	390	492
Gene_1884	8	9	7	8	4	3	6	1	10	8
Gene_1885	132	190	171	162	224	233	211	168	140	121
Gene_1886	7	7	3	5	5	3	4	3	6	4
Gene_1887	479	450	497	475	465	485	452	489	483	488
Gene_1888	109	159	155	172	181	154	128	181	214	139
Gene_1889	10	26	26	21	22	20	31	19	11	19
Gene_1890	281	301	294	251	348	319	332	331	276	330
Gene_1891	1521	1277	1552	1317	1253	1102	1125	1151	1418	1407
Gene_1892	318	189	224	316	158	213	314	162	219	230
Gene_1893	198	182	208	209	236	220	198	236	230	196
Gene_1894	1038	968	1008	1057	985	1044	990	1084	996	1082
Gene_1895	1688	1440	2064	1626	2186	1966	1827	1916	1483	1531
Gene_1896	3658	4264	4469	4657	4302	4015	3891	4865	5038	4716
Gene_1897	608	304	542	520	448	474	528	463	623	480
Gene_1898	957	1051	1002	973	1011	936	934	881	930	930
Gene_1899	1003	1101	1064	1098	1084	1055	1060	1123	1148	1125
Gene_1900	1483	1706	2022	1543	1350	2350	1052	1203	1347	1389
