"FirstNode"	"SecondNode"	"score"
"1"	5	6	0.746244131868335
"2"	20	15	0.250610879200533
"3"	20	16	0.208555283688668
"4"	20	780	-0.0228163999106713
"5"	23	41	0.0337833893029474
"6"	23	44	0.460461842744961
"7"	26	25	0.347815733247944
"8"	26	444	0.270621998606863
"9"	26	445	0.207405968580103
"10"	26	446	0.0737951124366735
"11"	26	449	0.267688688017955
"12"	26	507	0.0659016085758311
"13"	26	508	0.112005896221485
"14"	26	509	0.0168635450272067
"15"	34	29	-0.156438864716029
"16"	34	30	-0.0667821866585366
"17"	34	31	-0.157133983799893
"18"	34	32	-0.0719053904472986
"19"	34	33	-0.0852753873891695
"20"	34	35	-0.154041973548889
"21"	34	36	-0.0756059534475697
"22"	34	37	-0.0933909893629411
"23"	34	667	-0.00371749412371736
"24"	34	668	-0.139159585661986
"25"	49	45	0.0775380593501466
"26"	49	46	0.0539109695217924
"27"	49	50	0.0661327003467084
"28"	49	468	0.0742915450150669
"29"	49	511	0.0546439463250942
"30"	49	512	0.0893929110356605
"31"	49	629	0.0793022842830684
"32"	49	1307	0.0134905907390936
"33"	49	1308	0.0302077103332213
"34"	50	47	0.0414090258302296
"35"	50	48	0.382139887574117
"36"	61	58	0.124031288076238
"37"	61	59	0.192416218517382
"38"	61	60	0.170416289754511
"39"	61	594	0.136554078446892
"40"	61	595	0.143177174083513
"41"	61	596	0.145074765676445
"42"	61	597	0.130041896653327
"43"	61	598	0.136963500742527
"44"	61	599	0.13126292740641
"45"	61	1319	0.0922309872161059
"46"	64	66	0.334153582587879
"47"	64	67	0.473111906744522
"48"	64	68	0.323563889474201
"49"	64	69	0.316628972030889
"50"	64	70	0.286357359609235
"51"	64	1290	0.0874587575005829
"52"	64	1291	0.00413073050180385
"53"	71	9	-0.0798643163384167
"54"	71	10	-0.0659857406642019
"55"	71	12	-0.0305408878369001
"56"	71	13	0.150451475744378
"57"	71	14	0.12417621814029
"58"	71	42	0.0681558389027014
"59"	71	58	0.0430812108596511
"60"	71	59	0.0711115304576998
"61"	71	60	0.0585202343944757
"62"	71	130	-0.00411852685881819
"63"	71	131	0.0639756574980726
"64"	71	132	0.0577657237760159
"65"	71	133	0.0345356206648969
"66"	71	148	-0.052858218378383
"67"	71	149	-0.0364385638917505
"68"	71	151	0.112662486248858
"69"	71	152	-0.0588299769617064
"70"	71	153	0.0102679630334067
"71"	71	154	0.0169679874884893
"72"	71	155	-0.0258383401910437
"73"	71	157	0.0338686634610105
"74"	71	185	-0.00501852973899518
"75"	71	186	-0.0180007350850404
"76"	71	187	-0.0549954008913314
"77"	71	188	-0.0177164115375637
"78"	71	189	-0.0372995493274173
"79"	71	190	-0.00452638079675536
"80"	71	229	-0.00873406225621156
"81"	71	230	0.0262667155090559
"82"	71	231	-0.0643180419399158
"83"	71	232	-0.0302526356250923
"84"	71	237	-0.0311801146132069
"85"	71	238	-0.0604915442564199
"86"	71	239	-0.043036532026939
"87"	71	240	-0.0158930339320995
"88"	71	241	-0.00451136367216119
"89"	71	259	0.0807159009052149
"90"	71	263	0.0185497401171285
"91"	71	298	-0.00954166208860492
"92"	71	299	0.0758521916699151
"93"	71	340	0.0523321837600777
"94"	71	341	0.0360466315494929
"95"	71	342	0.0364419073084765
"96"	71	343	0.0665270592171771
"97"	71	344	0.0230145637029761
"98"	71	345	0.0438139947089199
"99"	71	346	0.0580585406638294
"100"	71	347	0.0461985069418318
"101"	71	413	0.0772076658235746
"102"	71	437	0.0765261816752351
"103"	71	438	-0.01780763033667
"104"	71	439	0.092210462811246
"105"	71	444	0.0548325448284717
"106"	71	449	0.0887440699935611
"107"	71	460	0.0417356005158719
"108"	71	461	0.0467038141867003
"109"	71	462	0.0573551294983928
"110"	71	463	0.053609773154501
"111"	71	465	0.10878943205196
"112"	71	466	0.0607631228492754
"113"	71	475	-0.0446596574819489
"114"	71	476	0.0966855629166556
"115"	71	478	-0.018636974068377
"116"	71	479	0.12645681212398
"117"	71	480	0.107095731336611
"118"	71	494	-0.00416890248596893
"119"	71	495	0.00747588763466844
"120"	71	496	-0.0126954053628369
"121"	71	497	0.0427370428839935
"122"	71	506	0.104615912054357
"123"	71	562	0.0185986636501989
"124"	71	594	0.0485256569912948
"125"	71	595	0.0379596040410928
"126"	71	596	0.0209776416550371
"127"	71	597	0.00745241328955446
"128"	71	598	0.0269233279685815
"129"	71	599	0.035827569885503
"130"	71	600	0.00310069636326157
"131"	71	601	0.0150707882000941
"132"	71	602	0.0878666550789868
"133"	71	603	0.0747520282937611
"134"	71	604	-0.0183789049886771
"135"	71	605	0.000973795157833589
"136"	71	606	-0.00119435295000817
"137"	71	607	-0.00072371373745067
"138"	71	636	0.0776452430066214
"139"	71	698	0.00341241325030969
"140"	71	699	0.00963680908076074
"141"	71	700	-0.0186750768062739
"142"	71	702	-0.0119308686576794
"143"	71	743	0.160855852495271
"144"	71	799	0.0434156344756837
"145"	71	800	0.031253930010598
"146"	71	852	-0.0813873469676158
"147"	71	892	0.0653181974647806
"148"	71	893	0.0270010572156446
"149"	71	894	0.0145557479872153
"150"	71	895	0.0315415549787127
"151"	71	896	0.0167187935535082
"152"	71	897	0.00236655625154897
"153"	71	898	0.00512926650792644
"154"	71	899	0.00570849244899419
"155"	71	900	0.0199115360292003
"156"	71	901	0.0220930824649996
"157"	71	902	0.02408910112173
"158"	71	903	0.00795980372965409
"159"	71	904	0.0196178260891191
"160"	71	918	0.146163774264826
"161"	71	919	0.100380457011347
"162"	71	920	0.0588954324212752
"163"	71	921	0.0430579483258671
"164"	71	922	0.0591259291085788
"165"	71	947	0.151729518468792
"166"	71	978	-0.057418002980919
"167"	71	979	-0.0337802521730736
"168"	71	1004	0.0514352442996614
"169"	71	1021	0.022910407791309
"170"	71	1022	0.0877447423584574
"171"	71	1023	0.102454090456929
"172"	71	1062	-0.0419397478277792
"173"	71	1070	-0.0653054001308545
"174"	71	1071	-0.076178748290411
"175"	71	1072	-0.0778260253123392
"176"	71	1074	-0.0877592786634857
"177"	71	1078	-0.0592518999655092
"178"	71	1079	-0.0690543955159863
"179"	71	1081	-0.0596277844122794
"180"	71	1086	0.274392558228601
"181"	71	1088	-0.0683282854269584
"182"	71	1090	-0.0692773586140607
"183"	71	1093	-0.0301549501832358
"184"	71	1094	-0.0559954754849372
"185"	71	1109	-0.0192845295188035
"186"	71	1110	-0.0276032856612289
"187"	71	1111	0.00773593984400229
"188"	71	1112	0.00946672074834544
"189"	71	1113	0.0177483207148417
"190"	71	1114	-0.0369466395743696
"191"	71	1115	0.0166271055148033
"192"	71	1140	-0.00216692793481343
"193"	71	1155	0.0647494594378355
"194"	71	1213	0.0539807055297553
"195"	71	1214	0.0085055719759886
"196"	71	1215	-0.00325346817004644
"197"	71	1237	0.0739104425819788
"198"	71	1238	0.055913053554887
"199"	71	1268	0.0436969875816698
"200"	71	1295	-0.0234996504661919
"201"	71	1309	-0.0194826685307706
"202"	71	1319	0.108502092057845
"203"	71	1331	-0.0221706942726944
"204"	71	1362	0.103549024077994
"205"	82	81	0.0433692462232875
"206"	82	257	0.287094938582846
"207"	82	258	0.335409651157964
"208"	82	295	-0.0902480350009418
"209"	82	297	-0.0469857511311882
"210"	82	474	0.151863306807091
"211"	82	716	0.19087471053976
"212"	82	717	0.319568274064082
"213"	82	718	0.10997363374441
"214"	82	875	0.0307494845750435
"215"	82	876	0.0802248929214207
"216"	82	1042	-0.049914804331388
"217"	82	1359	0.0487413773623251
"218"	83	72	-0.022217949736774
"219"	83	73	0.0720340081763702
"220"	83	74	0.0824709383589337
"221"	83	75	0.196399817404323
"222"	83	76	0.131985572973917
"223"	83	77	-0.0332817982850616
"224"	83	78	0.0788469323899565
"225"	83	79	0.0179215969074885
"226"	83	80	0.0206497661693915
"227"	83	98	0.0126518103589363
"228"	83	99	0.0087258968829044
"229"	83	100	0.0753935388189914
"230"	83	101	0.0964721962346837
"231"	83	102	0.0764105566693135
"232"	83	113	-0.173353205907784
"233"	83	114	-0.179080019635006
"234"	83	115	-0.14545054004972
"235"	83	116	-0.145122699512516
"236"	83	117	-0.189083845324985
"237"	83	158	0.107331730921704
"238"	83	159	0.0842810187077442
"239"	83	507	0.134763862569519
"240"	83	508	0.0613139931878666
"241"	83	509	0.0524830711067215
"242"	83	573	0.018266348588366
"243"	83	574	0.0435926062203333
"244"	83	575	-0.088438177780687
"245"	83	576	-0.0116293378355497
"246"	83	654	0.254306752493772
"247"	83	766	0.10449068310033
"248"	83	907	0.208097628781386
"249"	83	968	0.212789914073486
"250"	83	1029	0.252156953958237
"251"	83	1091	0.319185908707171
"252"	83	1227	0.2415799517623
"253"	97	95	0.212240349194779
"254"	97	96	0.17000370813893
"255"	105	103	0.1887183697206
"256"	105	104	0.13667216364955
"257"	105	591	0.0598943363568637
"258"	105	988	0.067027396724951
"259"	105	1314	0.196431053906631
"260"	109	107	-0.0231786906420783
"261"	109	781	0.317402868841263
"262"	109	787	0.323957181175164
"263"	120	118	0.25123201232026
"264"	120	119	0.261956118140661
"265"	120	121	0.321836615096173
"266"	120	122	0.273165571478655
"267"	125	17	-0.00348876682016404
"268"	125	126	0.202627681759698
"269"	125	744	0.233735551963514
"270"	125	745	0.173048196254837
"271"	125	746	0.189273785392267
"272"	125	747	0.146242981191361
"273"	125	1148	0.143367418723093
"274"	132	130	0.606477921987923
"275"	132	131	0.884846121513156
"276"	132	133	0.43140724934651
"277"	144	139	-0.179883511301458
"278"	144	140	-0.11951310076935
"279"	144	141	-0.171106755807476
"280"	144	142	-0.121130017920147
"281"	144	143	-0.192857641375282
"282"	202	1	-0.0432023990458576
"283"	202	2	-0.0794004219666789
"284"	202	3	0.134608815201828
"285"	202	4	-0.0170490406411573
"286"	202	7	-0.0222429719790822
"287"	202	8	-0.0106904117368257
"288"	202	9	0.163778793789639
"289"	202	10	0.151404566285432
"290"	202	11	-0.0324818122099206
"291"	202	13	-0.0399873871650752
"292"	202	14	0.210502224927733
"293"	202	21	0.0274084447544453
"294"	202	22	-0.00215867306546056
"295"	202	28	-0.0721401175079832
"296"	202	29	-0.133711138357156
"297"	202	36	0.00150837160442934
"298"	202	37	-0.0161758371312028
"299"	202	38	-0.0109202131656536
"300"	202	42	0.0126273364283873
"301"	202	43	-0.0699804280534198
"302"	202	52	0.186335990208779
"303"	202	53	0.0235814317119307
"304"	202	55	0.0296868412814769
"305"	202	62	-0.0683676272925235
"306"	202	63	-0.031191061931381
"307"	202	64	0.125772863307515
"308"	202	65	-0.0721959777543658
"309"	202	66	0.00103798038510987
"310"	202	67	0.0400431614764132
"311"	202	68	-0.0374205371788953
"312"	202	69	-0.0393902521208507
"313"	202	78	0.0041972578130817
"314"	202	88	0.0581240675445289
"315"	202	103	-0.035586587584856
"316"	202	104	-0.177602455133893
"317"	202	110	0.208627645253942
"318"	202	134	-0.082903260327772
"319"	202	135	-0.0409014608691623
"320"	202	136	0.00783327343699941
"321"	202	138	-0.0430314653915728
"322"	202	151	0.0696278526916128
"323"	202	152	-0.0304157888235378
"324"	202	153	-0.0360040695537718
"325"	202	154	-0.110028386458972
"326"	202	155	-0.114767803881845
"327"	202	156	0.0460105441760035
"328"	202	157	-0.103023450492215
"329"	202	171	0.0272103401727671
"330"	202	172	0.0482273524952631
"331"	202	173	-0.111361101432005
"332"	202	174	-0.069102451472973
"333"	202	175	-0.140851561974535
"334"	202	176	-0.065114441341124
"335"	202	185	-0.129551118460408
"336"	202	186	-0.15705874970856
"337"	202	187	-0.133865984768081
"338"	202	188	-0.13571258688814
"339"	202	189	-0.141280012546761
"340"	202	190	-0.16999781620829
"341"	202	194	0.0904618458656944
"342"	202	207	-0.0817788477107218
"343"	202	208	-0.0652287553658084
"344"	202	209	-0.105772586168293
"345"	202	210	-0.0853629155595172
"346"	202	211	-0.121784166584956
"347"	202	212	-0.0200768176006627
"348"	202	215	0.0903279324943504
"349"	202	217	-0.000697492598893612
"350"	202	227	0.112713425942307
"351"	202	228	-0.0326185053130025
"352"	202	237	0.203708587856506
"353"	202	238	0.163114438538644
"354"	202	239	0.166249725093033
"355"	202	240	0.158924381037243
"356"	202	241	0.137341356180681
"357"	202	246	-0.00306597281475066
"358"	202	259	0.136141964195423
"359"	202	261	0.19666084463857
"360"	202	262	0.0570230970966018
"361"	202	265	0.215485881750956
"362"	202	290	0.124310487202902
"363"	202	298	-0.0284699616419316
"364"	202	299	-0.0464490003753345
"365"	202	309	-0.0843297100956464
"366"	202	311	0.00645697439249435
"367"	202	321	0.0132496511758032
"368"	202	322	-0.0435817752927899
"369"	202	323	-0.0527346171062729
"370"	202	324	-0.119172470071693
"371"	202	325	-0.0810305775493846
"372"	202	328	0.208764667692708
"373"	202	335	-0.0836347478111947
"374"	202	342	-0.0934838180533691
"375"	202	344	-0.142619939646264
"376"	202	347	0.0246108955823229
"377"	202	349	0.249853480291677
"378"	202	355	-0.101129312786508
"379"	202	356	0.0957398849266671
"380"	202	357	0.108915754852698
"381"	202	358	0.038222623079991
"382"	202	359	0.0847125212386831
"383"	202	360	0.0649294100691494
"384"	202	366	-0.104914686616072
"385"	202	390	-0.0968167629546089
"386"	202	391	-0.0588654527164714
"387"	202	392	-0.130302373294637
"388"	202	393	-0.079967484177629
"389"	202	394	-0.0952734537152813
"390"	202	397	-0.0513753534455562
"391"	202	398	-0.0348941652694368
"392"	202	413	0.0553698680965998
"393"	202	414	-0.163767521092585
"394"	202	432	-0.0138322725530907
"395"	202	433	0.0836791095222694
"396"	202	434	0.0267975526782451
"397"	202	435	0.178371598464236
"398"	202	436	0.130402207325896
"399"	202	437	0.0475293608973325
"400"	202	438	-0.0072347012306062
"401"	202	440	0.121187034726805
"402"	202	441	-0.0687010253060131
"403"	202	442	-0.111159188806042
"404"	202	443	-0.0894193483148379
"405"	202	444	0.0135412299117755
"406"	202	445	-0.00876331495750887
"407"	202	446	-0.0662300156606096
"408"	202	447	-0.00294045226404439
"409"	202	449	0.0627787488337791
"410"	202	451	0.144714134388559
"411"	202	453	-0.0297156087165999
"412"	202	454	0.165884876957351
"413"	202	460	0.152960989379452
"414"	202	461	0.158974491366447
"415"	202	462	0.18884560769627
"416"	202	463	0.183408301724779
"417"	202	465	0.0781967540676132
"418"	202	466	0.115451229258422
"419"	202	467	-0.0666591916855405
"420"	202	474	-0.0435607011308394
"421"	202	477	0.090097741980807
"422"	202	485	0.0740038361778445
"423"	202	494	-0.0632480915335596
"424"	202	495	-0.0798752330068117
"425"	202	496	-0.0909064142585093
"426"	202	497	0.0124459139163639
"427"	202	498	0.151947228974072
"428"	202	499	0.125859034974647
"429"	202	500	0.16147540374538
"430"	202	501	0.134943932686852
"431"	202	502	-0.042748596577815
"432"	202	503	0.214849338744965
"433"	202	504	-0.0562814759182166
"434"	202	505	0.151664269051292
"435"	202	506	0.0593068738465051
"436"	202	507	0.196079751897428
"437"	202	508	0.0911701487531429
"438"	202	509	0.0257408244057782
"439"	202	518	0.0510763080316371
"440"	202	519	-0.0483385622021797
"441"	202	521	0.00399604156827439
"442"	202	522	-0.0424383448416292
"443"	202	523	0.318374371163527
"444"	202	526	0.185396811538465
"445"	202	541	0.140189645077074
"446"	202	542	0.114450056718114
"447"	202	546	0.0565655901813528
"448"	202	547	0.160298235862904
"449"	202	548	0.147849595554709
"450"	202	565	0.184720226186323
"451"	202	567	0.158047293970687
"452"	202	568	0.110109682986588
"453"	202	569	0.211057664134495
"454"	202	578	-0.121166149066865
"455"	202	581	-0.0495002418879794
"456"	202	582	-0.0939803090185969
"457"	202	583	-0.0890203447634407
"458"	202	584	-0.0734765954693483
"459"	202	585	-0.0541577042716022
"460"	202	586	-0.0978339222758386
"461"	202	589	0.201082993929052
"462"	202	592	0.337024569197059
"463"	202	593	0.174396896866369
"464"	202	618	-0.131197607963392
"465"	202	619	-0.152957132579483
"466"	202	620	-0.174985584276995
"467"	202	621	-0.0815455560468639
"468"	202	622	-0.133600759952983
"469"	202	623	-0.205593517770521
"470"	202	624	-0.156651336652854
"471"	202	625	-0.105438627056783
"472"	202	626	-0.0849151559939215
"473"	202	627	-0.166843958007411
"474"	202	628	-0.155460584430481
"475"	202	638	-0.0808789868270605
"476"	202	639	0.0784757391071702
"477"	202	640	-0.137349307919764
"478"	202	641	0.0212286672209
"479"	202	642	0.0231126758859187
"480"	202	645	0.111379561175339
"481"	202	652	0.107507576913359
"482"	202	654	0.192496132100998
"483"	202	664	0.10991498458542
"484"	202	668	0.0159632970394721
"485"	202	677	-0.0301096176028164
"486"	202	680	0.233928128841499
"487"	202	708	-0.131515192816736
"488"	202	709	-0.0909878918736826
"489"	202	710	-0.186291748567542
"490"	202	711	-0.105547950472234
"491"	202	712	-0.0600411491109113
"492"	202	713	-0.041742445499883
"493"	202	714	-0.152003870693466
"494"	202	715	0.0121107691435132
"495"	202	721	0.24522843627506
"496"	202	722	0.113535163432731
"497"	202	723	0.118814835831988
"498"	202	725	0.207428968960108
"499"	202	726	0.162440058203504
"500"	202	729	-0.010706559993059
"501"	202	730	0.222765774638771
"502"	202	731	-0.00114598822977577
"503"	202	732	0.119095370569135
"504"	202	734	0.183947772956203
"505"	202	735	0.160693457144678
"506"	202	736	0.157957245916824
"507"	202	737	0.0899288749747755
"508"	202	738	-0.0888853632516984
"509"	202	739	0.0441938617535572
"510"	202	743	0.153427596868286
"511"	202	748	-0.0525324639921667
"512"	202	749	-0.0678719429788849
"513"	202	750	-0.0243915178483561
"514"	202	751	-0.0266136754765418
"515"	202	752	0.120003351128009
"516"	202	761	0.143847375733048
"517"	202	766	0.0123083420770163
"518"	202	767	-0.00210140212901649
"519"	202	768	0.0214353347327596
"520"	202	769	-0.0295438197578825
"521"	202	772	-0.12269293371126
"522"	202	773	-0.0831466131278599
"523"	202	774	-0.0316388952328369
"524"	202	775	-0.0115884994143566
"525"	202	776	-0.0619223985867709
"526"	202	777	-0.0180425481491743
"527"	202	778	0.00224525095615861
"528"	202	795	0.115511625361888
"529"	202	796	0.0939433860634744
"530"	202	797	0.00989466409527914
"531"	202	803	0.126318896020344
"532"	202	808	-0.0341782987499025
"533"	202	809	0.124018936509984
"534"	202	810	0.0943675079214121
"535"	202	818	-0.0358893143586281
"536"	202	819	-0.0172418839904349
"537"	202	829	0.0411344384581149
"538"	202	830	-0.012011203223518
"539"	202	831	-0.0482531259469971
"540"	202	832	0.014904690906684
"541"	202	833	0.0149934518717462
"542"	202	835	-0.0127109892950277
"543"	202	850	-0.0429711836978728
"544"	202	858	0.213785903750067
"545"	202	866	-0.0440238520372436
"546"	202	867	0.0206542523502545
"547"	202	868	-0.0273137225401393
"548"	202	870	0.112301931966911
"549"	202	871	0.132104344167985
"550"	202	875	0.200721969319096
"551"	202	876	0.217435964987452
"552"	202	905	0.212545734489603
"553"	202	907	0.128881196234717
"554"	202	909	0.117065427885533
"555"	202	911	0.149283965891428
"556"	202	926	0.0524830945511659
"557"	202	927	0.306932293762342
"558"	202	929	-0.0735191267969489
"559"	202	930	-0.073211758936115
"560"	202	931	-0.117831110841811
"561"	202	932	-0.140048073239312
"562"	202	933	-0.120366573435289
"563"	202	934	-0.112542612493858
"564"	202	935	-0.0634920016866032
"565"	202	936	-0.0858649777319357
"566"	202	937	-0.0593475470279376
"567"	202	938	-0.0259486544090107
"568"	202	939	-0.0356434005227402
"569"	202	942	0.103959566209231
"570"	202	947	0.0696626430161048
"571"	202	953	0.182908975713783
"572"	202	967	0.149017996287347
"573"	202	968	0.156149088964862
"574"	202	973	-0.124593618076374
"575"	202	984	-0.163073405682647
"576"	202	985	-0.16556962428227
"577"	202	986	-0.16203425069621
"578"	202	987	-0.119575389303428
"579"	202	988	-0.0803789576136287
"580"	202	991	0.0249868433650788
"581"	202	1004	0.0802144127564935
"582"	202	1020	-0.0437724052871336
"583"	202	1029	0.165406626127219
"584"	202	1030	0.187953046815225
"585"	202	1031	0.128984186371257
"586"	202	1032	0.172362764624806
"587"	202	1033	0.14683180472207
"588"	202	1034	0.255600009456714
"589"	202	1035	0.101156393934564
"590"	202	1045	0.203175755023351
"591"	202	1057	-0.082421898166624
"592"	202	1058	-0.0561891051176101
"593"	202	1059	-0.121476420768889
"594"	202	1060	-0.0788482539924876
"595"	202	1061	-0.0957746857542227
"596"	202	1062	-0.0701649737970803
"597"	202	1069	0.0401736448303971
"598"	202	1091	0.178956265121865
"599"	202	1121	0.0776835098959048
"600"	202	1123	0.169911175928722
"601"	202	1124	0.135818286799094
"602"	202	1125	0.119699147352673
"603"	202	1126	0.134226169516097
"604"	202	1128	0.134486782492387
"605"	202	1129	0.114304902776899
"606"	202	1132	0.119474220003649
"607"	202	1140	0.134190774576291
"608"	202	1141	0.217349865781881
"609"	202	1142	0.108202505072243
"610"	202	1147	0.0626012869756945
"611"	202	1150	0.109925991030676
"612"	202	1151	0.123681278871452
"613"	202	1152	0.11479104672936
"614"	202	1153	0.131691292612697
"615"	202	1154	0.254500032964351
"616"	202	1162	0.196098862310631
"617"	202	1163	0.19958381855115
"618"	202	1164	0.183593460083043
"619"	202	1165	0.109374956472203
"620"	202	1176	-0.0929614915688081
"621"	202	1184	0.0538163818109506
"622"	202	1185	0.0588221015851973
"623"	202	1186	0.0895477461353713
"624"	202	1187	0.0669457674555203
"625"	202	1188	0.00856987912330675
"626"	202	1189	0.0472877355511461
"627"	202	1190	0.00198394605948851
"628"	202	1203	0.114772012807092
"629"	202	1204	0.0445775970227335
"630"	202	1205	0.128542004128773
"631"	202	1217	-0.0565546144715852
"632"	202	1227	0.180109966431765
"633"	202	1228	0.261851831564451
"634"	202	1241	-0.0603917038302548
"635"	202	1242	-0.0412672835132755
"636"	202	1243	0.0918588664103883
"637"	202	1244	-0.0179054197318497
"638"	202	1245	0.044530319799865
"639"	202	1247	-0.00940588291426099
"640"	202	1248	-0.12366991727863
"641"	202	1249	-0.148873095653844
"642"	202	1250	-0.218056817496739
"643"	202	1252	-0.0135169212358965
"644"	202	1253	-0.0135531882576924
"645"	202	1254	0.0328317419619285
"646"	202	1255	-0.0105344967484729
"647"	202	1256	-0.0408914093575797
"648"	202	1257	-0.0555268816472756
"649"	202	1273	-0.0351689280831462
"650"	202	1274	-0.121399706889594
"651"	202	1275	-0.0222796684903654
"652"	202	1276	0.125424931881427
"653"	202	1277	0.0698500622790066
"654"	202	1278	0.121468666433075
"655"	202	1289	0.0263832544167314
"656"	202	1290	-0.0193834677131312
"657"	202	1291	-0.0104160575824429
"658"	202	1292	-0.0592468969796967
"659"	202	1293	-0.107652755756612
"660"	202	1294	-0.0723945507932715
"661"	202	1295	0.0643934133882522
"662"	202	1296	0.032246186153114
"663"	202	1297	0.120878009755671
"664"	202	1298	0.148087873605982
"665"	202	1314	0.0403944862088043
"666"	202	1325	0.0346299428901171
"667"	202	1358	-0.00528934859192154
"668"	202	1359	0.0793627559879964
"669"	202	1362	0.0721350644343283
"670"	202	1370	0.0387641799790544
"671"	202	1374	0.154004677575194
"672"	202	1382	-0.0234464807959242
"673"	202	1397	-0.0678713055881567
"674"	202	1416	0.019491355193216
"675"	202	1417	0.087055945784699
"676"	150	148	0.364474910248981
"677"	150	149	0.377082556351129
"678"	156	151	0.152603798586177
"679"	156	152	-0.0079915964379596
"680"	156	153	0.21136841101404
"681"	156	154	0.156230554375079
"682"	156	155	0.147350322543231
"683"	156	157	0.0547729488292679
"684"	156	391	0.071386521346236
"685"	156	392	0.0702403637919464
"686"	156	393	0.0584689391661933
"687"	156	394	0.123811158833161
"688"	160	1156	0.284429678315947
"689"	160	1157	0.341785700175009
"690"	160	1158	0.295537046157761
"691"	160	1159	0.229958898292809
"692"	160	1160	0.281666546211468
"693"	160	1179	0.287654064749318
"694"	160	1180	0.299590274725689
"695"	160	1181	0.253807905459587
"696"	160	1182	0.247273450124496
"697"	169	455	0.24872799698833
"698"	169	456	0.136776281842861
"699"	169	457	0.178164272793946
"700"	169	458	0.220425310064773
"701"	169	459	0.244223428424061
"702"	169	543	0.24381327579729
"703"	169	544	0.245049233515751
"704"	169	545	0.259368785149719
"705"	169	1067	0.0104628556396485
"706"	197	17	-0.176459980822846
"707"	197	90	0.0258068823000915
"708"	197	124	-0.0257663340559709
"709"	197	125	0.0482849192789482
"710"	197	126	-0.0812740344497402
"711"	197	177	-0.191065465090135
"712"	197	180	-0.181664226204198
"713"	197	195	0.437397564535798
"714"	197	196	0.164725682394085
"715"	197	204	-0.167652794601376
"716"	197	205	-0.18513335072314
"717"	197	206	-0.215404297595305
"718"	197	207	-0.141839973417469
"719"	197	208	-0.148096423122797
"720"	197	209	-0.178353409372331
"721"	197	210	-0.152290326324388
"722"	197	268	0.0508396163236296
"723"	197	306	0.24194577594877
"724"	197	307	0.311171710408762
"725"	197	339	0.11858261323259
"726"	197	424	0.0910829377045692
"727"	197	570	0.246298202475227
"728"	197	703	0.150513749224823
"729"	197	705	0.239471610767471
"730"	197	744	-0.0536741862036572
"731"	197	745	-0.143286651897831
"732"	197	746	-0.126235913565794
"733"	197	747	-0.162710139233934
"734"	197	801	-0.200205806752706
"735"	197	802	-0.170394361603853
"736"	197	910	0.211167555366496
"737"	197	911	-0.0203405858690917
"738"	197	974	0.244237740332711
"739"	197	975	-0.0399334165900797
"740"	197	990	0.356213780584025
"741"	197	1040	0.317454928547106
"742"	197	1084	0.112099652132076
"743"	197	1085	0.158825163312198
"744"	197	1101	0.0943727846778
"745"	197	1102	0.315750047226943
"746"	197	1103	0.171661662500814
"747"	197	1148	-0.0874569564888432
"748"	197	1207	0.226189059231631
"749"	197	1231	-0.175280661935429
"750"	197	1262	0.119504217322585
"751"	197	1318	0.0919269100070357
"752"	197	1322	-0.0693048998316079
"753"	197	1332	-0.151386865772887
"754"	197	1350	-0.0268697998535614
"755"	197	1381	0.375354629014981
"756"	197	1383	0.134029696997354
"757"	197	1403	0.204364310289938
"758"	199	201	0.0170092543746529
"759"	199	721	0.112982286008038
"760"	199	722	0.0406446116275055
"761"	199	723	0.0493728261765385
"762"	199	1175	-0.00393571973755934
"763"	207	27	0.216241247991978
"764"	207	204	0.464174021474043
"765"	207	205	0.373219634599708
"766"	207	206	0.229177749457147
"767"	207	401	0.173968001547852
"768"	207	402	0.166755638525291
"769"	207	403	0.156846461689229
"770"	207	404	0.176938089244457
"771"	207	405	0.0925489238934979
"772"	207	406	0.168489983727993
"773"	207	407	0.154737042136894
"774"	207	659	0.207831179372148
"775"	207	869	0.223746987584428
"776"	207	945	-0.210255103968536
"777"	207	1279	0.100597810577081
"778"	207	1320	0.121956254841173
"779"	207	1321	0.299420404535489
"780"	207	1368	-0.0500985190161484
"781"	207	1369	-0.193852309979698
"782"	213	211	0.341898815232206
"783"	213	441	0.400521062215957
"784"	213	442	0.435084084373737
"785"	213	443	0.420790935218831
"786"	214	548	-0.0316915598016785
"787"	214	580	-0.0879548132242105
"788"	219	193	0.430104378356711
"789"	219	218	0.178676552619677
"790"	219	790	0.096344889070053
"791"	219	791	0.128883882863959
"792"	219	792	0.113537063428511
"793"	219	793	0.0889547981079056
"794"	219	794	0.105938161681773
"795"	224	220	0.364688229257847
"796"	224	221	0.271319440518263
"797"	224	222	0.259383388933482
"798"	224	223	0.321821845134602
"799"	224	225	0.242023043266879
"800"	233	234	0.209199326203354
"801"	233	235	0.299812499051711
"802"	233	236	0.281739973806691
"803"	243	160	0.126321432685927
"804"	243	242	0.177349088896701
"805"	243	244	0.108614268989701
"806"	243	245	0.132941983615732
"807"	243	247	0.160448782030734
"808"	243	248	0.13200137094096
"809"	243	249	0.17050193826098
"810"	243	250	0.244002839983706
"811"	243	251	0.306983703410594
"812"	243	252	0.113547032426766
"813"	243	253	0.0713429798300502
"814"	243	254	0.13266105425942
"815"	243	255	0.143336257842652
"816"	243	590	0.0833582054764817
"817"	243	1156	0.0588997921224813
"818"	243	1157	-0.0484228331885422
"819"	243	1158	-0.0745427195645449
"820"	243	1159	-0.0137446113521917
"821"	243	1160	-0.0206194637172045
"822"	243	1179	0.0180513792587663
"823"	243	1180	0.0537464772042846
"824"	243	1181	0.0871039947045751
"825"	243	1182	0.00943777667653558
"826"	256	170	0.182956599241852
"827"	256	269	0.149012249973993
"828"	256	270	0.173527076923994
"829"	256	271	0.26472460457305
"830"	256	272	0.260053454301893
"831"	256	905	0.238197321827991
"832"	256	906	0.278052869103533
"833"	256	974	0.201176326566189
"834"	256	1085	0.130921618798924
"835"	256	1232	0.307480180310151
"836"	256	1240	0.278729088747104
"837"	265	259	0.0983155281496675
"838"	265	262	0.168715485253154
"839"	265	298	-0.0136079100986885
"840"	265	299	0.0173544506552307
"841"	265	419	0.132612940378014
"842"	265	420	0.0976918961576806
"843"	265	421	0.123479762609308
"844"	265	422	0.0599902348211139
"845"	265	438	0.148966478430106
"846"	273	269	-0.122167573734417
"847"	273	270	-0.106162932796902
"848"	273	271	-0.06450137793883
"849"	273	272	-0.057479791081128
"850"	273	1232	0.0862240497728402
"851"	274	203	0.0747776388591363
"852"	274	730	0.146990280042436
"853"	274	734	0.296237042206253
"854"	274	735	0.291514620618733
"855"	274	736	0.313330354643794
"856"	274	1004	0.150152346338259
"857"	274	1005	0.176949956762073
"858"	274	1006	0.172793809093452
"859"	274	1397	0.230619830377251
"860"	278	275	-0.0619052513353146
"861"	278	276	-0.036253803776342
"862"	278	277	0.0154676404719323
"863"	279	280	-0.0238770367730066
"864"	279	656	0.147501988225705
"865"	279	658	0.0700774872818219
"866"	279	1336	-0.0237217616429681
"867"	279	1337	0.0400963283732963
"868"	295	42	-0.135925138289347
"869"	295	297	0.804449508573904
"870"	295	541	0.0590182377728552
"871"	295	542	0.101622981830282
"872"	295	970	0.30576659589301
"873"	295	1042	0.678874244243922
"874"	295	1085	0.366690626728127
"875"	298	61	0.0843683628194379
"876"	298	185	0.0424255848815226
"877"	298	186	0.0956959742966586
"878"	298	187	0.118629572742401
"879"	298	188	0.0531540447738528
"880"	298	189	0.0794090694947177
"881"	298	190	0.0538447941403638
"882"	298	299	0.183276343148005
"883"	298	335	-0.0087327173557109
"884"	298	743	-0.0576378972208853
"885"	327	15	-0.0426989703071547
"886"	327	16	-0.000311281951083524
"887"	330	17	-0.190555538729255
"888"	330	319	-0.120699932060155
"889"	330	320	-0.0909373699928716
"890"	330	331	0.146213518484109
"891"	330	418	-0.014366589398435
"892"	330	447	0.0503230854654642
"893"	330	748	0.0234789538868487
"894"	330	749	-0.00793398591593925
"895"	330	1334	-0.167021815676303
"896"	330	1335	-0.160451511248925
"897"	330	1354	-0.132595134760496
"898"	330	1355	-0.160029385495834
"899"	330	1360	-0.0392144501509445
"900"	334	335	-0.0086457144852359
"901"	334	1273	0.0053898028081676
"902"	334	1274	-0.0465433776257942
"903"	334	1275	-0.0178166548274609
"904"	334	1276	0.0861716100936419
"905"	334	1277	0.020414290419121
"906"	334	1278	0.204474513148165
"907"	412	12	-0.0789320337439401
"908"	412	13	0.175959061661843
"909"	412	18	0.0314373615062895
"910"	412	19	-0.0383580529540401
"911"	412	24	-0.11060904215703
"912"	412	28	0.0579885895491518
"913"	412	42	0.212901741727111
"914"	412	55	-0.0614803943964435
"915"	412	110	-0.144869739662655
"916"	412	127	-0.0782923952206402
"917"	412	128	-0.0418051666757295
"918"	412	150	-0.181604251090214
"919"	412	151	0.00639305741687045
"920"	412	152	-0.150560942624817
"921"	412	153	0.00844400669626348
"922"	412	154	0.113649281140705
"923"	412	155	-0.0443833686939226
"924"	412	156	-0.0503871437926353
"925"	412	157	0.0150250553383294
"926"	412	161	0.0924665680912646
"927"	412	162	0.195300155770869
"928"	412	163	0.205175994510432
"929"	412	164	0.177406811819284
"930"	412	165	0.170336245624003
"931"	412	166	0.172812503846422
"932"	412	167	0.188069387055659
"933"	412	168	0.163449324001196
"934"	412	178	0.231336499095568
"935"	412	179	0.209380271165098
"936"	412	181	0.253954201686322
"937"	412	182	0.20430151757011
"938"	412	185	-0.000547497421761626
"939"	412	186	0.0509874476065614
"940"	412	187	0.0691607569334834
"941"	412	188	0.0746328982114675
"942"	412	189	0.0938364093880983
"943"	412	190	0.126752765729812
"944"	412	231	0.10824979842181
"945"	412	232	0.142706694088332
"946"	412	237	0.0434209933648759
"947"	412	238	0.0272383056669519
"948"	412	239	0.0420960569684848
"949"	412	240	0.0733515669857487
"950"	412	241	0.109987533361819
"951"	412	246	0.0194300545684196
"952"	412	261	-0.125758297980342
"953"	412	262	-0.0953938925502512
"954"	412	263	-0.0105208997427378
"955"	412	265	-0.0391593365694588
"956"	412	266	-0.0807714770526366
"957"	412	291	0.0572765014760648
"958"	412	292	0.0956820206410422
"959"	412	293	0.126669399246527
"960"	412	294	0.17689310667991
"961"	412	298	-0.0269786193880379
"962"	412	299	0.204105710697778
"963"	412	300	-0.0252099531517987
"964"	412	301	0.123627829162843
"965"	412	302	0.133302670553586
"966"	412	303	0.00397738602847819
"967"	412	304	0.0320966811077889
"968"	412	319	0.0159498252801335
"969"	412	320	-0.0169634597875987
"970"	412	326	0.164204914594612
"971"	412	350	-0.105950965465195
"972"	412	363	-0.049524733152422
"973"	412	364	0.100759994703057
"974"	412	365	0.0214618415017587
"975"	412	370	-0.0226158064598945
"976"	412	372	0.175224154157221
"977"	412	373	0.010210436210614
"978"	412	391	-0.0148911844447947
"979"	412	392	0.044979871995833
"980"	412	393	-0.0137598841124041
"981"	412	394	0.122182034821689
"982"	412	413	-0.128471519687568
"983"	412	414	-0.0251617971088327
"984"	412	419	-0.117514453931338
"985"	412	420	-0.0787963841720613
"986"	412	421	0.013551360085777
"987"	412	422	-0.0674807698453479
"988"	412	437	0.214094161490696
"989"	412	438	-0.144033509125505
"990"	412	439	0.20970688184777
"991"	412	444	-0.215682190791485
"992"	412	448	-0.161378144810378
"993"	412	449	-0.162413798589332
"994"	412	456	-0.0572859975437421
"995"	412	457	-0.0913154288994815
"996"	412	458	0.00524557385863279
"997"	412	459	-0.019107057688365
"998"	412	471	-0.113828759208809
"999"	412	472	-0.0612552639616407
"1000"	412	473	-0.0901258370077479
"1001"	412	474	0.269728264359167
"1002"	412	494	0.0279747295956092
"1003"	412	495	0.0759424296298961
"1004"	412	496	0.0796253133957501
"1005"	412	502	0.0561508477772395
"1006"	412	504	0.00655219823005975
"1007"	412	507	-0.0133470408703616
"1008"	412	508	-0.0404228034432664
"1009"	412	509	-0.0239709479770725
"1010"	412	517	0.11649166557986
"1011"	412	556	0.179090802958791
"1012"	412	557	0.186164086289541
"1013"	412	562	-0.0325356573674648
"1014"	412	578	-0.0249267283724809
"1015"	412	579	0.130143863708988
"1016"	412	618	0.0728578258976044
"1017"	412	619	0.118336749184367
"1018"	412	620	0.114227602778152
"1019"	412	621	-0.0685119052385715
"1020"	412	622	-0.00692818067773337
"1021"	412	623	0.122285629741545
"1022"	412	624	-0.0119929385049652
"1023"	412	625	-0.00506029772285824
"1024"	412	626	0.0486880228422102
"1025"	412	627	0.0322127222598163
"1026"	412	628	0.0341701509596286
"1027"	412	631	0.00235775254592549
"1028"	412	632	0.051096499810798
"1029"	412	633	-0.107638943552836
"1030"	412	634	0.0723896101014681
"1031"	412	666	0.0531803198574664
"1032"	412	727	-0.105041962150056
"1033"	412	728	-0.109467837202874
"1034"	412	790	0.0610358951752212
"1035"	412	791	0.0812273409210334
"1036"	412	792	0.132107452032102
"1037"	412	793	0.147424941163009
"1038"	412	794	0.191125943972652
"1039"	412	799	0.0571539885301244
"1040"	412	800	0.163906215223067
"1041"	412	820	0.181841300839473
"1042"	412	836	0.188337693991975
"1043"	412	837	0.180646237052905
"1044"	412	838	0.0857199849749865
"1045"	412	839	0.189209990465441
"1046"	412	840	0.146958075527987
"1047"	412	841	0.114253345955597
"1048"	412	842	0.144983811999363
"1049"	412	843	0.137674229006241
"1050"	412	844	0.186641780898901
"1051"	412	845	0.187172292605055
"1052"	412	846	0.190687077192519
"1053"	412	847	0.18529149243639
"1054"	412	848	0.0661188530552146
"1055"	412	851	0.134213015288047
"1056"	412	852	-0.0409770260041864
"1057"	412	860	0.0394153177370304
"1058"	412	861	-0.0272244244855033
"1059"	412	862	0.0397695785006256
"1060"	412	863	0.00173011144918485
"1061"	412	864	-0.0330450783416834
"1062"	412	865	0.0555195790060744
"1063"	412	866	-0.0346259694894684
"1064"	412	867	-0.0247882969282517
"1065"	412	868	-0.0375262255001535
"1066"	412	873	0.0233704407587939
"1067"	412	874	-0.0158276818719138
"1068"	412	877	-0.0160965975391639
"1069"	412	880	-0.0199791830803468
"1070"	412	884	-0.0366108770864302
"1071"	412	885	-0.0928849537620691
"1072"	412	886	-0.125469188051506
"1073"	412	887	0.0754175343494992
"1074"	412	888	-0.0896731947329094
"1075"	412	889	-0.0588008522109889
"1076"	412	890	-0.072282649342411
"1077"	412	892	0.0919911125225709
"1078"	412	893	0.0464154816138055
"1079"	412	894	0.0435589509246562
"1080"	412	895	0.109688985085868
"1081"	412	896	0.0894979831096914
"1082"	412	897	0.0827819610201953
"1083"	412	898	0.0900752182825759
"1084"	412	899	0.114189570235475
"1085"	412	900	0.154753674288844
"1086"	412	901	0.12561443280987
"1087"	412	902	0.149810035483972
"1088"	412	903	0.155824915671026
"1089"	412	904	0.187016836876161
"1090"	412	914	0.200663170217306
"1091"	412	915	0.00269589604053639
"1092"	412	946	0.199034060815046
"1093"	412	947	-0.121636775050027
"1094"	412	954	0.0811761214496611
"1095"	412	963	0.0866041999347997
"1096"	412	965	0.00350500034398126
"1097"	412	978	0.0118361223568949
"1098"	412	979	0.0971262211470108
"1099"	412	1000	-0.017433828172869
"1100"	412	1001	-0.0125753113417132
"1101"	412	1002	-0.0369734123354207
"1102"	412	1003	-0.00801905228619197
"1103"	412	1016	0.0305718493706637
"1104"	412	1017	0.0296306841881244
"1105"	412	1021	0.111950848033809
"1106"	412	1065	0.0165042430603012
"1107"	412	1067	-0.0410851263206232
"1108"	412	1070	0.0141097646751292
"1109"	412	1071	-0.00501244609437912
"1110"	412	1072	0.00071090907224742
"1111"	412	1073	-0.0111226426113985
"1112"	412	1074	-0.00680571311774336
"1113"	412	1075	0.0463452774012901
"1114"	412	1076	0.15043722873822
"1115"	412	1078	0.0421080854832959
"1116"	412	1079	0.00370346549494243
"1117"	412	1081	-0.0263970854667956
"1118"	412	1088	0.0184811950538439
"1119"	412	1089	0.0340077700143945
"1120"	412	1090	-0.00372030714330052
"1121"	412	1092	0.0130063988995331
"1122"	412	1093	-0.00566766396286152
"1123"	412	1094	0.0400826100795606
"1124"	412	1123	0.0460875144012178
"1125"	412	1124	0.112392278410714
"1126"	412	1125	0.0845975229114504
"1127"	412	1126	0.0589028763894137
"1128"	412	1140	-0.00459837072430496
"1129"	412	1143	-0.131158359460991
"1130"	412	1144	-0.0785425678073386
"1131"	412	1156	0.197527386153133
"1132"	412	1157	0.109087468005248
"1133"	412	1158	0.0423042118269749
"1134"	412	1159	0.100841768240864
"1135"	412	1160	0.139477441832328
"1136"	412	1162	0.0883024525185502
"1137"	412	1163	0.081249259067241
"1138"	412	1164	0.112408963327654
"1139"	412	1165	0.17934719648161
"1140"	412	1177	0.251607267903056
"1141"	412	1178	0.212292206523643
"1142"	412	1184	-0.19486389629195
"1143"	412	1185	-0.239835726309261
"1144"	412	1186	-0.169529089516589
"1145"	412	1187	-0.237455000765615
"1146"	412	1188	-0.163584461632404
"1147"	412	1189	-0.150670917544254
"1148"	412	1190	-0.131691185258211
"1149"	412	1213	0.236385555339939
"1150"	412	1219	0.0197344403693128
"1151"	412	1237	-0.0181463549562248
"1152"	412	1238	-0.0697978251616195
"1153"	412	1264	0.111475525360465
"1154"	412	1265	0.130120642398189
"1155"	412	1273	0.00757042051908869
"1156"	412	1275	0.0995334426708859
"1157"	412	1286	-0.160492671460554
"1158"	412	1287	-0.00503444145486357
"1159"	412	1288	-0.0390068005348362
"1160"	412	1309	0.0532267966956936
"1161"	412	1310	0.140800770099428
"1162"	412	1326	0.150447569127864
"1163"	412	1333	0.162230103478902
"1164"	412	1340	0.0949852913029665
"1165"	412	1341	0.120349753005642
"1166"	412	1342	0.127940640357871
"1167"	412	1343	0.0489885960563283
"1168"	412	1344	0.173643222662186
"1169"	412	1345	0.0429962834917632
"1170"	412	1352	0.238442801941727
"1171"	412	1357	0.0617759203035874
"1172"	412	1361	-0.0419683869631035
"1173"	412	1364	0.0437014025996049
"1174"	412	1373	-0.10317949274916
"1175"	412	1393	0.167372809008337
"1176"	412	1394	0.04737073066482
"1177"	412	1395	0.149224908212262
"1178"	412	1396	0.189882659646342
"1179"	412	1405	-0.0790034805503219
"1180"	412	1408	-0.0361621627996125
"1181"	412	1409	-0.1346031044145
"1182"	412	1419	0.0629611642361789
"1183"	338	336	0.0434993340015926
"1184"	338	337	0.117054237502727
"1185"	348	336	0.376259479311262
"1186"	348	337	0.121878338964944
"1187"	348	340	-0.0196807097331336
"1188"	348	341	-0.053875753385802
"1189"	348	342	0.207676389134189
"1190"	348	343	0.0733020257253078
"1191"	348	344	-0.00614060460385059
"1192"	348	345	0.107820286513367
"1193"	348	346	0.0829403177878495
"1194"	348	347	0.158434827979653
"1195"	348	637	0.0421113128500508
"1196"	348	1266	-0.0558763305744552
"1197"	355	354	0.445694062717582
"1198"	373	350	0.0750346732713991
"1199"	373	414	0.115584692734132
"1200"	373	608	0.21334975649573
"1201"	373	609	0.335717944533793
"1202"	373	610	0.190898522876244
"1203"	373	611	0.212113119011296
"1204"	373	612	0.224737977154368
"1205"	373	613	0.144270827362712
"1206"	373	614	0.166857840279215
"1207"	373	615	0.211276124835053
"1208"	373	616	0.109363597150081
"1209"	373	617	0.161947377312374
"1210"	373	618	0.215785275349154
"1211"	373	619	0.277505233379722
"1212"	373	620	0.209104416394441
"1213"	373	621	0.172838734766544
"1214"	373	622	0.183293205683798
"1215"	373	623	0.28639391661359
"1216"	373	624	0.18926678954173
"1217"	373	625	0.162179578964728
"1218"	373	626	0.233900109668342
"1219"	373	627	0.248846816190117
"1220"	373	628	0.197639714097945
"1221"	373	630	0.258390323041453
"1222"	373	631	0.223307735438297
"1223"	373	632	0.330303672230491
"1224"	373	633	0.273258531749413
"1225"	373	634	0.398668210082393
"1226"	373	635	0.224862368393596
"1227"	389	14	0.0441310634315123
"1228"	389	21	-0.0690295101662411
"1229"	389	22	-0.0531607824373945
"1230"	389	24	-0.040527892526935
"1231"	389	43	-0.223973645726857
"1232"	389	55	-0.0244743441392509
"1233"	389	56	0.0273549656976193
"1234"	389	57	0.0349063117894315
"1235"	389	84	0.194161373996417
"1236"	389	85	0.189967043361682
"1237"	389	86	0.340979107422052
"1238"	389	134	-0.0837171212547023
"1239"	389	135	-0.016117572893093
"1240"	389	136	-0.0468729550748503
"1241"	389	158	0.103480432849533
"1242"	389	159	0.107292520040352
"1243"	389	216	-0.0242622577182562
"1244"	389	246	0.027815955450913
"1245"	389	269	0.0218295677430593
"1246"	389	270	0.0572202575816552
"1247"	389	271	0.128475895850054
"1248"	389	272	0.0959604532521042
"1249"	389	291	-0.177627160261896
"1250"	389	292	-0.250528479378263
"1251"	389	293	-0.165313392994822
"1252"	389	305	-0.208528056422861
"1253"	389	313	0.960584225959093
"1254"	389	340	-0.0798762475602975
"1255"	389	341	-0.0614545501811544
"1256"	389	411	-0.14642911059595
"1257"	389	438	-0.100032818147955
"1258"	389	444	-0.0986103215756521
"1259"	389	445	-0.133754163748608
"1260"	389	446	-0.158720208286155
"1261"	389	449	-0.0410143506816996
"1262"	389	477	-0.0336360442772832
"1263"	389	487	0.103368936278078
"1264"	389	490	-0.00687086790229325
"1265"	389	492	0.0572082134770404
"1266"	389	493	-0.0141609741200535
"1267"	389	494	0.00658800634211824
"1268"	389	495	0.00751599623033157
"1269"	389	496	-0.00738601152326343
"1270"	389	502	0.0212670845515008
"1271"	389	504	0.0378575845990051
"1272"	389	510	0.397337663971342
"1273"	389	514	0.33909137886527
"1274"	389	515	0.11824409512234
"1275"	389	541	0.41385981603809
"1276"	389	542	0.387285492452982
"1277"	389	548	0.328182933437408
"1278"	389	549	0.245074172360858
"1279"	389	577	0.0586322137027798
"1280"	389	578	-0.229570076838818
"1281"	389	580	0.135031198767711
"1282"	389	592	0.236353838098925
"1283"	389	593	0.224329588723355
"1284"	389	594	-0.15803176733609
"1285"	389	595	-0.120291597502418
"1286"	389	596	-0.0983760966042749
"1287"	389	597	-0.147334462087048
"1288"	389	598	-0.132400197317596
"1289"	389	599	-0.141254978258176
"1290"	389	654	0.40131219115718
"1291"	389	665	-0.170683990877443
"1292"	389	687	0.194457532013438
"1293"	389	688	0.411125119932649
"1294"	389	689	0.213798042131581
"1295"	389	702	0.316346398876141
"1296"	389	721	0.111427772879022
"1297"	389	722	0.0441827988658597
"1298"	389	723	0.028176754599659
"1299"	389	737	0.2742159390752
"1300"	389	738	0.0613725886590258
"1301"	389	739	0.246200692805238
"1302"	389	740	0.0253213825201171
"1303"	389	766	0.0626580764703147
"1304"	389	767	-0.0290865915420705
"1305"	389	769	-0.0727161637022858
"1306"	389	807	-0.117617824903457
"1307"	389	808	-0.134791330837326
"1308"	389	809	0.045302143244601
"1309"	389	810	0.0811091053342634
"1310"	389	829	-0.0149122475474299
"1311"	389	831	-0.137660332896178
"1312"	389	832	-0.076613903378264
"1313"	389	835	-0.0537125547018935
"1314"	389	843	-0.203831110887133
"1315"	389	844	-0.164458557486163
"1316"	389	845	-0.133507145352363
"1317"	389	846	-0.103012780258459
"1318"	389	847	-0.130479952575072
"1319"	389	866	-0.146567281555599
"1320"	389	867	0.0565679456991222
"1321"	389	868	-0.0983958561676821
"1322"	389	875	0.373015464217518
"1323"	389	876	0.383506614485633
"1324"	389	884	-0.0925337256879938
"1325"	389	885	-0.0697492832642773
"1326"	389	886	-0.0533408416016687
"1327"	389	887	-0.0719521970298758
"1328"	389	888	-0.0543664609543944
"1329"	389	889	-0.105328268689399
"1330"	389	890	-0.0531289996129644
"1331"	389	892	0.127389735792637
"1332"	389	893	0.153611421163356
"1333"	389	894	0.150507355135596
"1334"	389	895	0.115414266839684
"1335"	389	896	0.167297068318464
"1336"	389	897	0.162763957138389
"1337"	389	898	0.171514128605406
"1338"	389	899	0.183645994980176
"1339"	389	900	0.166402443191057
"1340"	389	901	0.18825938148454
"1341"	389	902	0.189991236348084
"1342"	389	903	0.152353524642984
"1343"	389	904	0.188671576379246
"1344"	389	907	0.438922537157502
"1345"	389	908	-0.0922253336932811
"1346"	389	925	-0.165823659015638
"1347"	389	926	-0.129136206195175
"1348"	389	943	0.158170220974229
"1349"	389	947	-0.0256960784188721
"1350"	389	968	0.325571076261878
"1351"	389	980	0.0888227338653308
"1352"	389	981	0.111185669720391
"1353"	389	982	0.165256539043925
"1354"	389	983	0.134219319497696
"1355"	389	1025	0.307542437882352
"1356"	389	1028	0.448828877724452
"1357"	389	1029	0.399039324170926
"1358"	389	1073	0.455201071181735
"1359"	389	1089	0.432037578059274
"1360"	389	1091	0.562028551578748
"1361"	389	1096	-0.11818290688852
"1362"	389	1097	-0.182623475013684
"1363"	389	1098	-0.152974831550884
"1364"	389	1099	-0.1185343810286
"1365"	389	1100	-0.147490461038819
"1366"	389	1130	0.184441554824232
"1367"	389	1149	-0.199635530231714
"1368"	389	1198	0.286833974533798
"1369"	389	1199	0.253331727798896
"1370"	389	1200	0.22363167173644
"1371"	389	1201	0.134542193461375
"1372"	389	1217	-0.0669388833220336
"1373"	389	1218	0.289929825273984
"1374"	389	1227	0.395162248307814
"1375"	389	1236	0.33225936472706
"1376"	389	1292	-0.173716502174999
"1377"	389	1293	-0.156721864306502
"1378"	389	1294	-0.069498000169629
"1379"	389	1295	0.0591980410629018
"1380"	389	1349	-0.0804879076624509
"1381"	389	1359	0.280321805763511
"1382"	389	1362	-0.127551827017841
"1383"	389	1370	-0.0895195306697864
"1384"	389	1382	-0.089757237901475
"1385"	389	1398	-0.119122798168604
"1386"	435	432	0.123821727049724
"1387"	435	433	0.188978544290698
"1388"	435	434	0.0743828863092346
"1389"	435	436	0.218423004542562
"1390"	440	111	0.0943481005422685
"1391"	440	184	0.0639455571745436
"1392"	440	237	0.214630387692494
"1393"	440	238	0.219818427408886
"1394"	440	239	0.20821882448292
"1395"	440	240	0.216635343404281
"1396"	440	241	0.243622159290441
"1397"	440	321	0.118232824271321
"1398"	440	322	0.0743920955621348
"1399"	440	323	0.0913884661885069
"1400"	440	324	0.0234795917850127
"1401"	440	325	0.0681429841688233
"1402"	440	326	0.00763513094658801
"1403"	440	332	0.209111864028014
"1404"	440	333	0.200413166820482
"1405"	440	356	0.104889864237516
"1406"	440	357	0.115050984039654
"1407"	440	358	0.0471523336118869
"1408"	440	359	0.0761408271595787
"1409"	440	360	0.0736087292969724
"1410"	440	361	0.0655583790566995
"1411"	440	362	0.157661846761846
"1412"	440	363	0.0761264324014454
"1413"	440	364	0.00983706295947996
"1414"	440	365	0.0453839292581898
"1415"	440	366	-0.00820556041007915
"1416"	440	367	0.0705097674052944
"1417"	440	368	0.0672192828255231
"1418"	440	369	0.0636827673418895
"1419"	440	370	-0.105536026116276
"1420"	440	371	0.0871969634080147
"1421"	440	372	0.0796420734786804
"1422"	440	374	0.197362201844456
"1423"	440	375	0.132674774755669
"1424"	440	376	0.144870310650593
"1425"	440	377	0.160442548031873
"1426"	440	378	-0.0466652085838322
"1427"	440	379	0.139581116426946
"1428"	440	390	0.0620684627936296
"1429"	440	397	0.0211996054364872
"1430"	440	398	0.0560029540015705
"1431"	440	412	0.102141292731447
"1432"	440	423	0.0291111066805077
"1433"	440	438	-0.193004293053626
"1434"	440	439	0.126689461901197
"1435"	440	456	-0.0794259796340319
"1436"	440	457	-0.0708809177581985
"1437"	440	458	-0.0612038622991001
"1438"	440	459	-0.0798148907256905
"1439"	440	489	0.0517043890647112
"1440"	440	507	0.0338182043127212
"1441"	440	508	-0.0512195944307765
"1442"	440	509	0.0481582053909723
"1443"	440	517	0.226860540624289
"1444"	440	525	0.200343318205085
"1445"	440	529	-0.0993803082330905
"1446"	440	530	-0.147997675279904
"1447"	440	531	-0.130292804098405
"1448"	440	532	-0.144093198618401
"1449"	440	533	-0.137476478014368
"1450"	440	534	-0.0900878859636766
"1451"	440	535	-0.0932090580951542
"1452"	440	536	-0.157094496565619
"1453"	440	537	-0.0508536361980965
"1454"	440	538	-0.0599881006929516
"1455"	440	539	-0.0882476604848082
"1456"	440	540	-0.115305175034903
"1457"	440	579	0.00978083308351016
"1458"	440	665	-0.0559526723075512
"1459"	440	666	-0.0735541983655099
"1460"	440	758	-0.0250205322001818
"1461"	440	760	0.165312340589826
"1462"	440	788	0.0864617139388477
"1463"	440	820	-0.118621653525425
"1464"	440	852	0.15963935579608
"1465"	440	878	0.0486956088011536
"1466"	440	879	-0.00498866299699843
"1467"	440	881	0.0547178296180599
"1468"	440	882	0.113564538505136
"1469"	440	911	0.085650540599091
"1470"	440	918	0.127771763286401
"1471"	440	919	0.155747353062911
"1472"	440	920	0.119469657345022
"1473"	440	921	0.111438582424391
"1474"	440	922	0.0777145945698263
"1475"	440	1018	0.124664472972092
"1476"	440	1024	0.153748594180565
"1477"	440	1036	-0.0395529764939761
"1478"	440	1037	0.121282111126872
"1479"	440	1067	-0.0319018256393866
"1480"	440	1086	0.0406750254713279
"1481"	440	1120	0.0325761798969615
"1482"	440	1123	0.161284267136635
"1483"	440	1124	0.176703377182486
"1484"	440	1125	0.222730875144231
"1485"	440	1126	0.184535460004991
"1486"	440	1140	0.135340665852721
"1487"	440	1141	0.0751245908881078
"1488"	440	1143	-0.08664828143969
"1489"	440	1162	0.175109504563897
"1490"	440	1163	0.165799635578837
"1491"	440	1164	0.14027076655843
"1492"	440	1165	0.125880840685757
"1493"	440	1166	0.000353234063340251
"1494"	440	1167	-0.0271109154518553
"1495"	440	1168	0.0227840626824792
"1496"	440	1169	-2.41110731487131e-06
"1497"	440	1170	-0.0411918035960654
"1498"	440	1171	-0.0224921130555733
"1499"	440	1310	0.0666439958401464
"1500"	440	1338	-0.0596391237808289
"1501"	440	1362	-0.0415183903158808
"1502"	440	1363	-0.0199884918594624
"1503"	440	1371	0.0244396888848828
"1504"	440	1386	-0.0109440251039922
"1505"	440	1404	0.149972878166174
"1506"	440	1419	0.135560975855236
"1507"	447	237	-0.203099643007365
"1508"	447	238	-0.209048757361079
"1509"	447	239	-0.20525077806647
"1510"	447	240	-0.225346357186923
"1511"	447	241	-0.238632918262676
"1512"	447	339	-0.15418625247033
"1513"	447	400	-0.164749653936262
"1514"	447	445	0.821731525432183
"1515"	447	446	0.573342709681312
"1516"	447	448	0.499614986503547
"1517"	447	449	0.589133023315498
"1518"	447	507	0.0797391328808949
"1519"	447	508	0.132014524815463
"1520"	447	509	-0.0248862705197182
"1521"	447	517	-0.164246190370053
"1522"	447	558	0.864880085481696
"1523"	447	559	0.854919321982024
"1524"	447	560	0.776264293329873
"1525"	447	703	-0.137685863323862
"1526"	447	705	-0.0553783225021524
"1527"	447	707	-0.0287425033637438
"1528"	447	748	0.581642288001675
"1529"	447	749	0.448445536113293
"1530"	447	1007	-0.0150883608485164
"1531"	447	1038	-0.111623669063778
"1532"	447	1372	0.636663149257171
"1533"	448	260	0.419865176403562
"1534"	448	450	0.350900199604139
"1535"	448	748	0.387399373793198
"1536"	448	749	0.319863162396938
"1537"	448	1138	0.505887805025511
"1538"	449	54	-0.0703450782008841
"1539"	449	108	-0.0270913932846171
"1540"	449	147	0.0344116565678631
"1541"	449	148	0.202494502877804
"1542"	449	149	0.179036569206263
"1543"	449	260	0.472118049276252
"1544"	449	444	0.634203916026839
"1545"	449	445	0.514809435542695
"1546"	449	446	0.296252636270183
"1547"	449	450	0.390675526744486
"1548"	449	491	-0.0256867368819446
"1549"	449	560	0.558589544920992
"1550"	449	580	-0.0912272068346914
"1551"	449	701	-0.0141244520478543
"1552"	449	748	0.407286409502669
"1553"	449	749	0.294544682808573
"1554"	449	817	0.028762208761784
"1555"	449	1086	0.197635372931543
"1556"	449	1138	0.559974402622888
"1557"	449	1267	0.104554520141096
"1558"	449	1305	0.408644073977343
"1559"	449	1306	0.336624890356898
"1560"	452	451	0.134343317591401
"1561"	452	453	0.0436003695661909
"1562"	452	767	-0.0150221038641746
"1563"	452	768	-0.0116422621640251
"1564"	452	769	-0.00438052685435105
"1565"	453	451	-0.0108063601804299
"1566"	453	767	0.459381599597131
"1567"	453	768	0.456702145859815
"1568"	453	769	0.491530844146536
"1569"	464	460	0.663424907831757
"1570"	464	461	0.621717417894721
"1571"	464	462	0.672930759664011
"1572"	464	463	0.759115736469763
"1573"	464	465	0.508797053385806
"1574"	464	466	0.631897009517362
"1575"	469	470	-0.0102999532218206
"1576"	477	475	0.12723531802336
"1577"	477	476	0.187234528756178
"1578"	477	478	0.221263656160005
"1579"	477	479	0.215784502476984
"1580"	477	480	0.188140075664132
"1581"	503	494	-0.0731401479186847
"1582"	503	495	-0.108194778355299
"1583"	503	496	-0.13876940321905
"1584"	503	497	0.033907602170641
"1585"	503	499	0.0481635958592407
"1586"	503	501	0.0511748938589752
"1587"	503	502	-0.0572334642970396
"1588"	503	504	-0.0338009925429794
"1589"	503	505	0.263380413458284
"1590"	520	315	0.124225763036664
"1591"	520	316	0.114965527628863
"1592"	520	518	0.105700770507817
"1593"	520	521	0.0155501836586204
"1594"	520	522	0.0202912122278461
"1595"	520	523	0.254735752645378
"1596"	520	638	-0.0406637074078465
"1597"	520	639	0.0337774292816072
"1598"	520	640	-0.0285641177939186
"1599"	520	641	-0.0257541228073508
"1600"	520	642	-0.072709962101461
"1601"	520	858	0.0720315119187961
"1602"	546	547	0.259514803293399
"1603"	546	1150	0.654813220486479
"1604"	546	1151	0.636364995087967
"1605"	546	1152	0.672011844896913
"1606"	546	1153	0.704136988849996
"1607"	546	1154	0.407972133193349
"1608"	555	550	0.166112405790699
"1609"	555	551	0.174106945852056
"1610"	555	552	0.173700079068129
"1611"	555	553	0.188098895035018
"1612"	555	554	0.211005609117318
"1613"	561	397	-0.114450557624394
"1614"	561	398	-0.0557033669821727
"1615"	561	507	0.167535505476666
"1616"	561	508	0.0742246937133017
"1617"	561	509	-0.0116147374290719
"1618"	572	571	0.25930955474272
"1619"	628	414	0.30901383347112
"1620"	628	618	0.385733982523345
"1621"	628	619	0.342053784909852
"1622"	628	620	0.366804821253455
"1623"	628	621	0.227059976126163
"1624"	628	622	0.395136028090178
"1625"	628	623	0.421429292090785
"1626"	628	624	0.405448084224492
"1627"	628	625	0.357833566524218
"1628"	628	626	0.289122393350865
"1629"	628	627	0.57213801157087
"1630"	637	7	-0.18898927483513
"1631"	637	8	-0.170705043226343
"1632"	637	11	-0.0403073433912049
"1633"	641	518	0.0198958674046382
"1634"	641	522	0.0926123077463526
"1635"	641	638	0.0484975212167146
"1636"	641	639	0.0996637815763083
"1637"	641	640	0.0924110453526562
"1638"	641	642	0.444150179931909
"1639"	661	329	0.353398340613901
"1640"	661	594	-0.165168882670557
"1641"	661	595	-0.163404849906675
"1642"	661	596	-0.149530574233886
"1643"	661	597	-0.167868374354021
"1644"	661	598	-0.149701763093064
"1645"	661	599	-0.149020797676904
"1646"	661	660	0.650585706441221
"1647"	661	662	0.760690714710283
"1648"	661	663	0.719746116982293
"1649"	661	836	-0.0969997358074136
"1650"	661	837	-0.125191241733775
"1651"	661	838	-0.105748989224391
"1652"	661	839	-0.169718749695019
"1653"	661	840	-0.226229531262746
"1654"	661	841	-0.097180681411971
"1655"	661	842	-0.109420789137669
"1656"	661	858	0.350829555255834
"1657"	661	878	0.170004644929074
"1658"	661	879	0.19651538869737
"1659"	661	881	0.341455924825628
"1660"	661	882	0.340340260899737
"1661"	661	1066	0.0607623440943194
"1662"	661	1166	0.0611403238688194
"1663"	661	1167	0.0837981545531876
"1664"	661	1168	0.0934986073130601
"1665"	661	1169	0.0454656804790831
"1666"	661	1170	0.0129513571926399
"1667"	661	1171	0.0358237627831957
"1668"	661	1346	0.152212209639422
"1669"	670	315	0.157174658210797
"1670"	670	316	0.18183693587025
"1671"	674	671	0.173171230417177
"1672"	674	672	0.176276016455258
"1673"	674	673	0.21351785435248
"1674"	674	675	0.0872031664589328
"1675"	677	676	0.136624482442168
"1676"	677	678	0.0754506712407738
"1677"	677	679	0.163991156579679
"1678"	686	134	0.150741251707571
"1679"	686	135	0.167950766450668
"1680"	686	136	0.0561100635855722
"1681"	686	137	0.0803270757554152
"1682"	686	150	0.0431224148577029
"1683"	686	312	0.0824665479703717
"1684"	686	681	0.258345115356372
"1685"	686	682	0.255214126567869
"1686"	686	683	0.252961880193911
"1687"	686	684	0.341223160092186
"1688"	686	685	0.249539911526481
"1689"	686	1385	0.188734823647791
"1690"	690	183	0.16489824987088
"1691"	690	267	0.36397117215967
"1692"	690	281	0.355897377044926
"1693"	690	282	0.426292352403608
"1694"	690	283	0.663375034189027
"1695"	690	284	0.521144902112501
"1696"	690	285	0.606873850752523
"1697"	690	286	0.0141019851195344
"1698"	690	287	0.320801281509182
"1699"	690	296	0.248239351390467
"1700"	690	425	0.299167616120355
"1701"	690	426	0.228631969595113
"1702"	690	427	0.242059986441633
"1703"	690	428	0.38775930085036
"1704"	690	429	0.353141357204737
"1705"	690	430	0.378941194054245
"1706"	690	431	0.00949323089578073
"1707"	690	588	-0.0357083162383964
"1708"	690	657	0.143792135173627
"1709"	690	704	0.174045862568622
"1710"	690	805	0.28286666215571
"1711"	690	812	0.304048363672954
"1712"	690	813	0.278967952005653
"1713"	690	814	0.288316987363578
"1714"	690	815	0.11907370118378
"1715"	690	816	0.352690646333693
"1716"	690	964	-0.134777426565631
"1717"	690	971	0.284663633741009
"1718"	690	1041	0.693168868312782
"1719"	690	1043	0.55044648365756
"1720"	690	1044	0.451358028578644
"1721"	690	1083	0.183543730604891
"1722"	690	1095	0.347303161199269
"1723"	690	1117	0.445305972072303
"1724"	690	1118	0.170445824394102
"1725"	690	1121	0.0772523690426854
"1726"	690	1155	0.387618625918514
"1727"	690	1172	0.44363441051477
"1728"	690	1173	0.308125416980039
"1729"	690	1202	0.379555237680383
"1730"	690	1260	0.336351806669334
"1731"	690	1261	0.371239956891018
"1732"	690	1268	0.296222441063862
"1733"	690	1269	0.23231317721266
"1734"	690	1270	0.0023083856190774
"1735"	690	1271	0.39213690501974
"1736"	690	1272	0.16969433107499
"1737"	690	1299	0.474086628526096
"1738"	690	1300	0.363087936007155
"1739"	690	1301	0.342382881618144
"1740"	690	1302	0.103823159678448
"1741"	690	1311	0.289414594097347
"1742"	690	1347	0.389830830317054
"1743"	690	1351	0.569426982154264
"1744"	706	384	-0.0342726178494532
"1745"	706	397	0.067162536267206
"1746"	706	398	0.0820232622726124
"1747"	707	24	0.0663804404479895
"1748"	707	41	-0.0302589891288932
"1749"	707	81	0.0561383649122513
"1750"	707	88	0.424475280316499
"1751"	707	123	0.337188996965282
"1752"	707	148	-0.14082573637614
"1753"	707	149	-0.144572498339595
"1754"	707	211	0.00362385466726001
"1755"	707	380	0.293369767961006
"1756"	707	382	0.0737831465996089
"1757"	707	383	-0.0134662461065061
"1758"	707	384	-0.105244702845383
"1759"	707	385	-0.0410529303658154
"1760"	707	386	-0.0230142093271777
"1761"	707	387	-0.0420151472246799
"1762"	707	388	0.222107668790817
"1763"	707	441	0.00619091426188223
"1764"	707	442	-0.0135571376137718
"1765"	707	443	0.0224994299488154
"1766"	707	471	-0.0107717571497365
"1767"	707	472	0.0498663402277687
"1768"	707	473	0.025236639818245
"1769"	707	507	0.407705314694813
"1770"	707	508	0.343426976486481
"1771"	707	509	0.0689132858834958
"1772"	707	558	-0.00376175171823802
"1773"	707	559	0.00268151799560092
"1774"	707	644	0.172178608999689
"1775"	707	646	0.211587703449732
"1776"	707	647	0.278596673341818
"1777"	707	648	0.23925405067489
"1778"	707	649	0.340441741996074
"1779"	707	650	0.396412413894247
"1780"	707	651	0.180226272552869
"1781"	707	669	0.021021429668078
"1782"	707	692	0.155683415612172
"1783"	707	693	0.233985250518576
"1784"	707	694	0.172494795262892
"1785"	707	695	0.238240070353203
"1786"	707	696	0.24870364982233
"1787"	707	697	0.200655535542868
"1788"	707	718	0.289952694233869
"1789"	707	720	-0.0788345170155359
"1790"	707	730	0.0842068341212263
"1791"	707	780	-0.0875587973056142
"1792"	707	910	0.106470878687458
"1793"	707	911	0.317082254745383
"1794"	707	918	0.29659595059139
"1795"	707	919	0.275632152363378
"1796"	707	920	0.257365688986562
"1797"	707	921	0.2038902066817
"1798"	707	922	0.277346246497607
"1799"	707	926	0.011402250919797
"1800"	707	1096	-0.0657253861536659
"1801"	707	1097	-0.139481684107467
"1802"	707	1099	-0.124964477604975
"1803"	707	1100	-0.0517176955625043
"1804"	707	1122	-0.0933526227945668
"1805"	707	1129	0.523561021203153
"1806"	707	1161	0.205448660930168
"1807"	707	1192	0.0545701317290273
"1808"	707	1200	0.0627967293326511
"1809"	707	1357	-0.0859651334101989
"1810"	707	1372	-0.0745105328178482
"1811"	707	1400	0.0791804812527676
"1812"	715	708	0.318036795246699
"1813"	715	709	0.474900525879865
"1814"	715	710	0.264634434992234
"1815"	715	711	0.279059272771634
"1816"	715	712	0.430365284721523
"1817"	715	713	0.466278127682938
"1818"	715	714	0.427230097351657
"1819"	715	1176	0.270524054543747
"1820"	719	716	0.0401626068529994
"1821"	724	731	0.229550687781929
"1822"	724	732	0.190122446818561
"1823"	730	680	0.353642137236574
"1824"	730	721	0.379777570697512
"1825"	730	722	0.22001342503737
"1826"	730	723	0.25819753253281
"1827"	730	725	0.37229677554774
"1828"	730	726	0.229308707478541
"1829"	730	727	0.316646020627294
"1830"	730	728	0.301191272500807
"1831"	730	729	0.0979717597561505
"1832"	730	733	-0.0797144975643726
"1833"	737	13	-0.0792786044207262
"1834"	737	15	0.211895081468285
"1835"	737	16	0.138745465377159
"1836"	737	260	-0.173198523437546
"1837"	737	417	0.0914912334554828
"1838"	737	439	0.00916802003361524
"1839"	737	558	-0.145576805201179
"1840"	737	559	-0.144003673663866
"1841"	737	653	0.109859130588649
"1842"	737	738	0.265289079224105
"1843"	737	780	0.0334588261031434
"1844"	737	855	0.179453732384183
"1845"	737	856	0.442153985230799
"1846"	737	857	0.167561711543616
"1847"	737	972	-0.157062536418234
"1848"	737	976	0.204132340803831
"1849"	737	977	0.2744618855655
"1850"	737	1007	0.172187193068729
"1851"	737	1019	0.00137624219443117
"1852"	737	1048	0.290199157479933
"1853"	737	1064	0.247517342390403
"1854"	737	1138	-0.166885835349772
"1855"	737	1140	0.189236494529044
"1856"	737	1206	0.24349954135715
"1857"	737	1304	0.187552988669501
"1858"	737	1315	0.423490612341231
"1859"	737	1317	0.271831163696939
"1860"	737	1365	0.12204951638944
"1861"	737	1366	0.118948718788318
"1862"	737	1372	-0.162405798306769
"1863"	737	1391	0.165660150326107
"1864"	737	1419	0.0893941255754112
"1865"	739	738	0.223955284243521
"1866"	742	741	0.179450606550332
"1867"	742	1327	0.310112855375878
"1868"	742	1328	0.296617939339538
"1869"	742	1329	0.284516341193287
"1870"	760	39	-0.0550777960464411
"1871"	760	40	0.0715294272277903
"1872"	760	416	0.0338259808500127
"1873"	760	753	0.026724344817257
"1874"	760	754	0.272796882516334
"1875"	760	755	-0.0142962477768429
"1876"	760	756	-0.00981990933664199
"1877"	760	757	0.0585796243873902
"1878"	760	759	0.167374487213251
"1879"	760	761	0.312660360621559
"1880"	760	762	0.220832152747714
"1881"	760	763	0.258306193981286
"1882"	760	764	0.113155674810443
"1883"	760	765	0.022660863384776
"1884"	760	1356	-0.0374054030239663
"1885"	765	579	0.0357936502134968
"1886"	765	756	0.420151855812817
"1887"	765	758	0.16150005882458
"1888"	778	772	0.288530812286208
"1889"	778	773	0.335408344907798
"1890"	778	774	0.30404044121833
"1891"	778	775	0.335167432200804
"1892"	778	776	0.259766129498533
"1893"	778	777	0.366758413951848
"1894"	782	150	-0.0522813224472321
"1895"	782	207	0.274195421521965
"1896"	782	208	0.182333530896163
"1897"	782	209	0.334796988980218
"1898"	782	210	0.181383441790045
"1899"	782	1077	-0.258913508464185
"1900"	782	1080	-0.235192475981757
"1901"	782	1406	-0.281491132587592
"1902"	786	784	0.236576809008194
"1903"	786	785	0.203557094667537
"1904"	789	305	-0.0315038638657347
"1905"	789	788	0.133777329681937
"1906"	798	161	0.121527671221814
"1907"	798	162	0.0612536717587605
"1908"	798	163	0.162217168884617
"1909"	798	164	0.181777728064795
"1910"	798	165	0.171471636875495
"1911"	798	166	0.101798895559938
"1912"	798	167	0.151200968214572
"1913"	798	168	0.0719840836174296
"1914"	798	269	-0.0759508458791302
"1915"	798	270	-0.0349402822959396
"1916"	798	271	-0.023575407807645
"1917"	798	272	0.000164044914881107
"1918"	798	291	-0.00291632309324361
"1919"	798	292	-0.0399870144638099
"1920"	798	293	-0.0182711477246934
"1921"	798	608	-0.0553509930283379
"1922"	798	609	0.0200320821320698
"1923"	798	610	-0.108880369946492
"1924"	798	611	-0.0217232617321182
"1925"	798	612	0.124905621589736
"1926"	798	613	-0.15048119814499
"1927"	798	614	0.0264386243781554
"1928"	798	615	0.0641308029394812
"1929"	798	616	-0.0330287131174124
"1930"	798	790	0.265558588986661
"1931"	798	791	0.179177210722884
"1932"	798	792	0.213807683965694
"1933"	798	793	0.219694344373922
"1934"	798	794	0.233062751563386
"1935"	798	795	0.363751000786917
"1936"	798	796	0.209868620187131
"1937"	798	797	0.230657723947554
"1938"	798	836	0.219023843123743
"1939"	798	837	0.128468945989193
"1940"	798	838	0.0964312272202238
"1941"	798	839	0.162074860603226
"1942"	798	840	0.0711128368452245
"1943"	798	841	0.053235635519642
"1944"	798	842	0.0276951846514717
"1945"	798	848	0.195657275255307
"1946"	798	851	0.271657704303139
"1947"	798	918	0.107028255211453
"1948"	798	919	0.17095722084236
"1949"	798	920	0.159978210468365
"1950"	798	921	0.200451494706552
"1951"	798	922	0.206399916534174
"1952"	804	15	0.48565600925256
"1953"	804	16	0.334185605649689
"1954"	804	317	0.389337709627615
"1955"	804	318	0.0709963639815642
"1956"	804	871	0.145280424709131
"1957"	810	808	0.145076209010493
"1958"	810	809	0.529856654238529
"1959"	820	109	-0.291067784413489
"1960"	820	191	0.0813025860782654
"1961"	820	192	0.031781265778389
"1962"	820	441	0.277960435577925
"1963"	820	442	0.310011766091982
"1964"	820	443	0.325934914163852
"1965"	820	474	0.489392234233965
"1966"	820	507	0.0519993652376543
"1967"	820	508	0.129642233455807
"1968"	820	509	0.0358037235134766
"1969"	820	781	-0.245759315351707
"1970"	820	787	-0.296886215536903
"1971"	820	905	-0.181051332103156
"1972"	820	1128	0.127795856158658
"1973"	823	821	-0.0179901870796191
"1974"	823	822	-0.0268276839027288
"1975"	823	967	0.095364860069217
"1976"	823	969	0.0098283450137714
"1977"	826	171	0.034032135168186
"1978"	826	172	0.0364233940012682
"1979"	826	173	-0.118499219073269
"1980"	826	174	-0.107487017677214
"1981"	826	175	-0.213302644702357
"1982"	826	176	-0.0744883607190548
"1983"	826	198	0.21324557151845
"1984"	826	199	0.217317065604661
"1985"	826	200	-0.0209261278559032
"1986"	826	201	-0.14371720979761
"1987"	826	203	0.0226610696074497
"1988"	826	285	0.188226657771057
"1989"	826	381	0.160864101927972
"1990"	826	451	0.140891373531793
"1991"	826	734	0.147829861369134
"1992"	826	735	0.126942719060286
"1993"	826	736	0.118491499772461
"1994"	826	824	0.436507388697375
"1995"	826	825	0.323133853889969
"1996"	826	827	0.331094599375562
"1997"	826	828	0.0463089620794847
"1998"	826	830	-0.0413846261447677
"1999"	826	833	-0.0689447562799718
"2000"	826	1005	0.194344393650637
"2001"	826	1006	0.0648383515731696
"2002"	826	1312	-0.04910881240317
"2003"	826	1335	-0.137369426297585
"2004"	834	381	0.163064021055999
"2005"	834	829	-0.0323743863507881
"2006"	834	830	-0.0404067942541755
"2007"	834	831	-0.124879822401772
"2008"	834	832	-0.0421441139080589
"2009"	834	833	-0.0014272860576095
"2010"	834	835	-0.0844616334989542
"2011"	834	1370	-0.00385018678406072
"2012"	848	24	-0.060624811067517
"2013"	848	110	0.0233725764466236
"2014"	848	156	0.055612713354201
"2015"	848	161	0.107608387650225
"2016"	848	162	0.0521826990643793
"2017"	848	163	0.15508444424196
"2018"	848	164	0.168379076909654
"2019"	848	165	0.184418178915721
"2020"	848	166	0.0817677869141552
"2021"	848	167	0.0999151435704658
"2022"	848	168	0.0349885317588853
"2023"	848	185	-0.156666044387353
"2024"	848	186	-0.0190209372985526
"2025"	848	187	-0.0948850060886746
"2026"	848	188	-0.10637800966523
"2027"	848	189	-0.028058652139546
"2028"	848	190	-0.0800723214182248
"2029"	848	231	0.118512957807223
"2030"	848	232	0.153825247861821
"2031"	848	246	-0.0355316559956311
"2032"	848	261	-0.0103459041195997
"2033"	848	262	0.0080684595773508
"2034"	848	265	0.0119227580417229
"2035"	848	266	0.0645635535576211
"2036"	848	291	0.10126637006278
"2037"	848	292	0.0458931775569256
"2038"	848	293	-0.00490554712052738
"2039"	848	294	0.220032921448286
"2040"	848	298	0.10003224542193
"2041"	848	299	0.0486472115222052
"2042"	848	350	-0.100838653320788
"2043"	848	351	0.0276531583961878
"2044"	848	352	0.0680042281913848
"2045"	848	353	-0.0330919424978768
"2046"	848	413	0.054139109824867
"2047"	848	419	0.0773084555250666
"2048"	848	420	0.0394319135303547
"2049"	848	421	0.109278793477472
"2050"	848	422	0.0178649857211379
"2051"	848	438	-0.0281695349511834
"2052"	848	556	-0.00250037203062698
"2053"	848	557	-0.0428603431355795
"2054"	848	594	-0.0856712926548707
"2055"	848	595	-0.0645304121701997
"2056"	848	596	-0.054120422257666
"2057"	848	597	-0.0668430839762836
"2058"	848	598	-0.04314612975603
"2059"	848	599	-0.0369243510271568
"2060"	848	600	0.0187296693106839
"2061"	848	601	-0.00775862995807645
"2062"	848	602	-0.0158965022061594
"2063"	848	603	0.0564918512844142
"2064"	848	604	-0.0248604542517005
"2065"	848	605	-0.0538387001014092
"2066"	848	606	-0.0541804603684776
"2067"	848	607	0.0257817697051058
"2068"	848	799	0.379988666987943
"2069"	848	800	0.182627461873989
"2070"	848	836	0.127801120322399
"2071"	848	837	0.0962390462965727
"2072"	848	838	0.187827323832459
"2073"	848	839	0.113910170414163
"2074"	848	840	0.0767553083807271
"2075"	848	841	0.10094068750801
"2076"	848	842	0.0685289742657612
"2077"	848	843	0.101841231096894
"2078"	848	844	0.114618950910621
"2079"	848	845	0.0178808335041698
"2080"	848	846	0.115887828549776
"2081"	848	847	0.140669193748574
"2082"	848	860	-0.0307198504142205
"2083"	848	861	-0.0675098208816818
"2084"	848	862	-0.00825297978944717
"2085"	848	863	-0.0160255651596683
"2086"	848	864	-0.0383962857397647
"2087"	848	865	0.0713611403951752
"2088"	848	866	0.0368507698783395
"2089"	848	867	0.0279876514967483
"2090"	848	868	0.00865802184915031
"2091"	848	873	-0.00655470938036572
"2092"	848	874	-0.0982855193946869
"2093"	848	892	0.234724376853281
"2094"	848	893	0.213326468964761
"2095"	848	894	0.175800933759489
"2096"	848	895	0.219071497751871
"2097"	848	896	0.183716363738013
"2098"	848	897	0.165257469996679
"2099"	848	898	0.14504787861154
"2100"	848	899	0.157560134799486
"2101"	848	900	0.147656027383747
"2102"	848	901	0.139305601252435
"2103"	848	902	0.154724915021416
"2104"	848	903	0.161041441261247
"2105"	848	904	0.153930960450966
"2106"	848	908	0.102166505194372
"2107"	848	947	0.0179163002610834
"2108"	848	1237	-0.0803116362616486
"2109"	848	1238	-0.0836025887193809
"2110"	848	1340	0.0691692405990886
"2111"	848	1341	0.0131114865731359
"2112"	848	1342	0.0645909531641166
"2113"	848	1343	0.0574693630252738
"2114"	848	1344	-0.0100002541791294
"2115"	848	1345	0.0414689662572948
"2116"	848	1349	0.0135994571892355
"2117"	848	1393	0.0433140086481819
"2118"	848	1394	0.0362673411648827
"2119"	848	1395	0.0499304794453263
"2120"	848	1396	0.11325716358202
"2121"	848	1398	0.0233847275797992
"2122"	848	1409	0.00628389144918963
"2123"	849	246	0.0350336811624484
"2124"	849	350	-0.0626453920861055
"2125"	849	351	0.0892034240573278
"2126"	849	352	0.132107655327999
"2127"	849	353	0.0681340151190886
"2128"	849	556	0.072489935455217
"2129"	849	557	0.0569787658244078
"2130"	849	594	-0.0355352331457337
"2131"	849	595	0.0309269188546091
"2132"	849	596	0.0361079055987177
"2133"	849	597	0.00832374168455004
"2134"	849	598	0.0609013228820826
"2135"	849	599	0.0549651275003581
"2136"	849	866	0.0124229304629808
"2137"	849	867	0.0792486871506841
"2138"	849	868	0.00501581143505789
"2139"	849	873	0.0341789142766943
"2140"	849	874	-0.0273371243482052
"2141"	849	884	-0.00427930685667851
"2142"	849	885	-0.0653699792610907
"2143"	849	886	-0.00824790847453957
"2144"	849	887	-0.000205074363466533
"2145"	849	888	-0.0829285774054319
"2146"	849	889	-0.102393283163884
"2147"	849	890	-0.102489554352823
"2148"	849	1340	0.0659617201586531
"2149"	849	1341	0.0173564978866158
"2150"	849	1342	0.0964260598460228
"2151"	849	1343	0.041729206508303
"2152"	849	1344	0.0470112628006976
"2153"	849	1345	0.0839071407707455
"2154"	849	1349	-0.00172430551713941
"2155"	849	1398	0.0516829871056365
"2156"	849	1409	-0.0591823989293456
"2157"	854	853	0.39040318140644
"2158"	859	924	0.0726474195484269
"2159"	859	948	0.068041719999441
"2160"	859	949	0.0697938040956338
"2161"	859	950	0.0410715125925746
"2162"	859	951	0.0362615822309687
"2163"	865	860	0.192876360013011
"2164"	865	861	0.183545681516674
"2165"	865	862	0.194524565788139
"2166"	865	863	0.150866595090179
"2167"	865	864	0.249391681850647
"2168"	872	873	0.24986416774608
"2169"	872	874	0.131437077790247
"2170"	883	875	0.325308188086326
"2171"	883	876	0.259852427262904
"2172"	883	877	-0.0383250379977921
"2173"	883	878	-0.0916342642540528
"2174"	883	879	-0.0622656261642252
"2175"	883	880	-0.0502183797020097
"2176"	883	881	-0.0015003511953995
"2177"	883	882	-0.00268474374686503
"2178"	883	1359	0.107301249816471
"2179"	891	9	0.196653122285607
"2180"	891	10	0.213316619683544
"2181"	891	170	0.233883180979273
"2182"	891	289	-0.02035807814996
"2183"	891	310	-0.144393302028262
"2184"	891	354	-0.13038246575529
"2185"	891	355	-0.188665353560904
"2186"	891	373	-0.0833775840255229
"2187"	891	399	-0.141318133058654
"2188"	891	408	-0.14772694695948
"2189"	891	409	-0.159723033698169
"2190"	891	528	0.0233325991756253
"2191"	891	556	-0.222217199193079
"2192"	891	557	-0.216308465944228
"2193"	891	579	-0.172817804103988
"2194"	891	608	-0.106453019247194
"2195"	891	609	-0.131628660899885
"2196"	891	610	-0.183458668126286
"2197"	891	611	-0.167102828652695
"2198"	891	612	-0.081884174593861
"2199"	891	613	-0.151543235918663
"2200"	891	614	-0.136857625276183
"2201"	891	615	-0.106270386256757
"2202"	891	616	-0.0913284593391314
"2203"	891	630	-0.182128368506803
"2204"	891	631	-0.181770461833202
"2205"	891	632	-0.18012452931556
"2206"	891	633	-0.100864263816304
"2207"	891	634	-0.0725027332290239
"2208"	891	643	-0.0694617058896309
"2209"	891	655	0.0441307440445787
"2210"	891	707	0.0501590841821041
"2211"	891	779	-0.203239145314389
"2212"	891	852	0.263102763753442
"2213"	891	872	-0.0117914187860441
"2214"	891	884	-0.107626462565337
"2215"	891	885	-0.0499560118304556
"2216"	891	886	-0.0428011275107875
"2217"	891	887	-0.184877690977094
"2218"	891	888	-0.0612814582937847
"2219"	891	889	-0.0848529864589471
"2220"	891	890	-0.0517544895975987
"2221"	891	954	0.0167631900032798
"2222"	891	955	-0.00719098937933307
"2223"	891	956	-0.0706502251155776
"2224"	891	1049	0.319123547426394
"2225"	891	1050	0.236564477504153
"2226"	891	1051	0.241197059170869
"2227"	891	1052	0.277525490311363
"2228"	891	1053	0.269055275054616
"2229"	891	1054	0.320337427556633
"2230"	891	1055	0.299787904417659
"2231"	891	1056	0.17775870692122
"2232"	891	1076	0.0490240254669767
"2233"	891	1082	0.0546648716799812
"2234"	891	1119	-0.0437745707901772
"2235"	891	1141	0.044138563200499
"2236"	891	1166	-0.189206316334556
"2237"	891	1167	-0.161601035301316
"2238"	891	1168	-0.176816839270175
"2239"	891	1169	-0.21651342058528
"2240"	891	1170	-0.175569462508293
"2241"	891	1171	-0.206506207961672
"2242"	891	1174	0.111928451498905
"2243"	891	1193	-0.0428119617754499
"2244"	891	1194	-0.0487798586565923
"2245"	891	1197	0.0293205633124182
"2246"	891	1230	0.144068737458056
"2247"	891	1280	0.247024412260551
"2248"	891	1281	0.180910826347271
"2249"	891	1282	0.357345192636462
"2250"	891	1330	-0.099665895983324
"2251"	891	1339	-0.064312139513023
"2252"	891	1348	-0.0932805179828021
"2253"	891	1349	-0.0599708574593548
"2254"	891	1364	-0.106210059515465
"2255"	891	1380	0.0327980425615517
"2256"	891	1398	-0.136213820726161
"2257"	891	1409	0.051259794303292
"2258"	912	145	-0.0163099376182594
"2259"	912	207	-0.18273308503187
"2260"	912	208	-0.173833493362224
"2261"	912	209	-0.260367783276992
"2262"	912	210	-0.162719705446
"2263"	912	314	0.063211431937763
"2264"	912	347	0.129424498911894
"2265"	912	397	-0.0672127767407356
"2266"	912	398	-0.0488144697575912
"2267"	912	780	0.135339754860423
"2268"	912	871	-0.000217142748318206
"2269"	912	910	0.157552688879596
"2270"	912	916	0.0165194618788193
"2271"	912	917	0.0871761064948508
"2272"	912	1149	-0.157204044440114
"2273"	912	1212	0.136687306952119
"2274"	927	39	0.00179076342369711
"2275"	927	40	0.0494819617780461
"2276"	927	305	-0.00134689164238712
"2277"	927	308	-0.019060921212536
"2278"	927	379	0.0656176010089323
"2279"	927	410	-0.0793761134709039
"2280"	927	440	0.153100241563327
"2281"	927	519	-0.0916537862251675
"2282"	927	524	0.274654801090406
"2283"	927	527	-0.0623406130987709
"2284"	927	563	0.0963733910829677
"2285"	927	666	-0.00104472191383607
"2286"	927	788	-0.0403275862820054
"2287"	927	856	0.223665475091306
"2288"	927	928	0.19936837595091
"2289"	927	1064	0.0240122260127934
"2290"	927	1166	-0.202350250712662
"2291"	927	1167	-0.17411590707722
"2292"	927	1168	-0.175636542893545
"2293"	927	1169	-0.215649444834975
"2294"	927	1170	-0.189036662808181
"2295"	927	1171	-0.191695014785045
"2296"	927	1229	-0.00690267396308118
"2297"	927	1263	0.108605304657643
"2298"	927	1276	0.0777796013496133
"2299"	927	1277	0.103819570441468
"2300"	927	1315	0.158166341398466
"2301"	927	1317	0.0932081201684992
"2302"	927	1373	0.0105597329266319
"2303"	940	929	0.246979282966405
"2304"	940	930	0.243282328345566
"2305"	940	931	0.218036986900967
"2306"	940	932	0.175301845831441
"2307"	940	933	0.233600916417139
"2308"	940	934	0.219010959990985
"2309"	940	935	0.322994011499398
"2310"	940	936	0.31458991285275
"2311"	940	937	0.290046641480782
"2312"	940	938	0.323623976569963
"2313"	940	939	0.394484432173619
"2314"	942	9	0.492759967206426
"2315"	942	10	0.489568412541113
"2316"	942	237	0.124768598349672
"2317"	942	238	0.181978270370334
"2318"	942	239	0.186243630277548
"2319"	942	240	0.13687405538694
"2320"	942	241	0.154187244051665
"2321"	942	267	0.263110080804648
"2322"	942	356	0.337969013030014
"2323"	942	357	0.348934657199202
"2324"	942	358	0.250228195412031
"2325"	942	359	0.279715250548717
"2326"	942	360	0.276083134139033
"2327"	942	425	0.21811322266223
"2328"	942	426	0.303672884248457
"2329"	942	428	0.291894655196929
"2330"	942	429	0.266202991148321
"2331"	942	430	0.401356407734023
"2332"	942	431	0.0526062859836868
"2333"	942	475	-0.121249184018994
"2334"	942	476	-0.121521450031412
"2335"	942	478	-0.112300871537101
"2336"	942	479	-0.0830953615464506
"2337"	942	480	-0.167535718540158
"2338"	942	564	0.18122442004692
"2339"	942	570	0.264322135655234
"2340"	942	691	0.332258258759386
"2341"	942	702	0.273757501994182
"2342"	942	704	0.157152357641001
"2343"	942	805	0.355418025562141
"2344"	942	806	0.259356320968586
"2345"	942	812	0.418395333848411
"2346"	942	813	0.381679363801524
"2347"	942	814	0.319354626271263
"2348"	942	815	0.202250114535362
"2349"	942	816	0.343825783907746
"2350"	942	852	0.515969007431714
"2351"	942	1207	0.119997065450996
"2352"	942	1362	-0.065013749246508
"2353"	944	158	-0.00948674151133302
"2354"	944	159	-0.054594366672195
"2355"	958	51	0.115352465329644
"2356"	958	82	-0.00770053203454168
"2357"	958	112	0.102972718285356
"2358"	958	315	0.0374863536457588
"2359"	958	957	0.170478091039448
"2360"	958	959	0.285539854945388
"2361"	958	960	0.261869549637354
"2362"	958	962	0.553729380290974
"2363"	958	963	0.124285478595641
"2364"	958	966	0.181236910929349
"2365"	958	991	0.0105317744118884
"2366"	958	992	-0.00456484728822735
"2367"	958	1000	0.0368569578570567
"2368"	958	1001	0.0543511462916966
"2369"	958	1002	0.0291013858404461
"2370"	958	1003	0.159298705353786
"2371"	958	1380	-0.0379505890815409
"2372"	961	15	0.144483418362001
"2373"	961	16	0.160116478690621
"2374"	961	75	0.0386208045672329
"2375"	961	146	0.114601990745713
"2376"	961	243	0.319384162383638
"2377"	961	264	-0.16941610957852
"2378"	961	347	0.0186302717105554
"2379"	961	447	-0.0243875400962261
"2380"	961	448	0.0830446869733712
"2381"	961	481	0.183161754069271
"2382"	961	482	0.15068909551188
"2383"	961	483	0.157008742997973
"2384"	961	484	0.0610115307106571
"2385"	961	486	0.170046111220361
"2386"	961	558	0.0341839586220982
"2387"	961	559	0.0361100438826839
"2388"	961	560	0.0090640089400573
"2389"	961	564	0.120574613353478
"2390"	961	729	-0.139094805028436
"2391"	961	754	0.0510964952394922
"2392"	961	762	-0.064169418475903
"2393"	961	770	0.218371735500734
"2394"	961	771	0.0237673431968249
"2395"	961	824	0.183400077797845
"2396"	961	913	0.29661073559658
"2397"	961	941	-0.0338738326894066
"2398"	961	1010	-0.00741501533700789
"2399"	961	1013	0.131957189891683
"2400"	961	1104	0.328539130034246
"2401"	961	1105	0.198088576791648
"2402"	961	1109	-0.0855861632020986
"2403"	961	1110	-0.0719082701812359
"2404"	961	1111	-0.0738854895988208
"2405"	961	1112	-0.044537964089202
"2406"	961	1113	-0.0447552599861923
"2407"	961	1114	0.0161963656850021
"2408"	961	1115	-0.0697496462070281
"2409"	961	1206	0.0909285230021457
"2410"	961	1216	-0.00150804608370907
"2411"	961	1316	0.148430213552768
"2412"	961	1334	-0.0446499296325932
"2413"	961	1335	0.0156049403153626
"2414"	961	1365	0.109179563039591
"2415"	961	1366	0.072816606507791
"2416"	961	1372	-0.0706761568202035
"2417"	961	1392	0.103118097556461
"2418"	961	1407	0.0961581680913062
"2419"	988	984	0.414977358340988
"2420"	988	985	0.401396314193033
"2421"	988	986	0.349850376999589
"2422"	988	987	0.404556056923721
"2423"	998	993	0.200113311925363
"2424"	998	994	0.196513251777111
"2425"	998	995	0.234696449529029
"2426"	998	996	0.255732644758514
"2427"	998	997	0.149596103826743
"2428"	998	999	-0.0883174984428659
"2429"	1018	158	0.23220847598278
"2430"	1018	159	0.239137938311105
"2431"	1018	191	0.271657159944401
"2432"	1018	192	0.270988740061251
"2433"	1018	226	0.432391970577151
"2434"	1018	471	-0.128612308945939
"2435"	1018	472	-0.0806756168514942
"2436"	1018	473	-0.110695651609497
"2437"	1018	488	0.312177073529038
"2438"	1018	513	0.343031441577147
"2439"	1018	541	0.276805665688984
"2440"	1018	542	0.260509259406683
"2441"	1018	566	0.303316051531931
"2442"	1018	989	0.416922848403766
"2443"	1018	1007	0.0820633084747776
"2444"	1018	1008	0.392920975023021
"2445"	1018	1009	0.272144655657519
"2446"	1018	1010	0.177763269418665
"2447"	1018	1011	0.476280578456549
"2448"	1018	1012	0.398883616691008
"2449"	1018	1013	0.214851076318064
"2450"	1018	1014	0.438612906757865
"2451"	1018	1015	0.328100194065086
"2452"	1018	1016	0.338502527693402
"2453"	1018	1017	0.241752859496791
"2454"	1018	1024	0.417375903435284
"2455"	1018	1025	0.519988585525343
"2456"	1018	1145	0.0437322284812789
"2457"	1018	1146	0.0295755004284888
"2458"	1018	1239	0.227401796364083
"2459"	1019	1020	0.414755128608154
"2460"	1026	397	-0.191754947701235
"2461"	1026	398	-0.201528812885693
"2462"	1026	1027	0.334838123370179
"2463"	1035	1030	0.360201486694643
"2464"	1035	1031	0.286970157173409
"2465"	1035	1032	0.311728060078769
"2466"	1035	1033	0.276216699735613
"2467"	1035	1034	0.403551086679622
"2468"	1037	1036	0.27145024129181
"2469"	1039	129	0.0406331811918991
"2470"	1039	425	0.0760029333281167
"2471"	1039	431	0.180663972835698
"2472"	1039	444	-0.046629342932988
"2473"	1039	445	-0.029605555874543
"2474"	1039	446	0.00849367472678762
"2475"	1039	449	-0.0214635432618008
"2476"	1039	450	-0.0708615054148072
"2477"	1039	558	-0.022510530433007
"2478"	1039	559	-0.0166226542936811
"2479"	1039	560	-0.0180343159540883
"2480"	1039	923	0.029746868783996
"2481"	1039	924	-0.019207331319055
"2482"	1039	1087	-0.102301490441647
"2483"	1039	1149	0.00710961120188474
"2484"	1039	1334	-0.085337860239246
"2485"	1039	1335	0.00290678089285453
"2486"	1039	1372	-0.0906312353130502
"2487"	1046	587	0.47920566445928
"2488"	1046	1047	0.924910713698877
"2489"	1060	1061	0.62514762686572
"2490"	1061	1057	0.356317873587222
"2491"	1061	1058	0.596489669653461
"2492"	1061	1059	0.512818490525311
"2493"	1061	1062	0.52156706623635
"2494"	1068	13	-0.0469612762882067
"2495"	1068	15	0.133534620017638
"2496"	1068	16	0.0831902336288499
"2497"	1068	106	0.0306777211485713
"2498"	1068	439	-0.0436431979554457
"2499"	1068	653	0.0293196302023197
"2500"	1068	738	-0.128719387851768
"2501"	1068	739	0.0281948217506359
"2502"	1068	780	0.242347707183377
"2503"	1068	783	-0.142242765088757
"2504"	1068	855	0.0563148464014232
"2505"	1068	856	0.114877046104267
"2506"	1068	857	0.0260238911301269
"2507"	1068	1064	-0.0993428319648095
"2508"	1068	1140	0.0556013645377633
"2509"	1068	1206	0.214981250004947
"2510"	1068	1313	-0.0425521586734556
"2511"	1068	1315	0.132835497716173
"2512"	1068	1317	-0.0587206733635511
"2513"	1068	1365	0.194748593299885
"2514"	1068	1366	0.0555124519347878
"2515"	1068	1419	0.0869935100926453
"2516"	1104	112	0.110105649088828
"2517"	1104	207	0.0501102766001307
"2518"	1104	208	0.0682716232917144
"2519"	1104	209	-0.0379203344493506
"2520"	1104	210	0.0988999895933587
"2521"	1104	843	0.0822042431342856
"2522"	1104	844	0.0975828048147342
"2523"	1104	845	0.0646484880417379
"2524"	1104	846	0.100764785582514
"2525"	1104	911	0.231579681578608
"2526"	1108	1106	0.388958035365956
"2527"	1108	1107	0.282490120719225
"2528"	1116	158	-0.0682490211458571
"2529"	1116	159	-0.06026091115075
"2530"	1116	367	0.189915161182833
"2531"	1116	448	-0.157084633768097
"2532"	1116	449	-0.102629852037193
"2533"	1116	516	0.0884467249468715
"2534"	1116	853	0.153777783055184
"2535"	1116	854	0.279751860055079
"2536"	1116	1109	0.20625647885687
"2537"	1116	1110	0.201289482608411
"2538"	1116	1111	0.18774722859976
"2539"	1116	1112	0.188508543152213
"2540"	1116	1113	0.192865177494903
"2541"	1116	1114	0.0570649846343753
"2542"	1116	1115	0.130621197707476
"2543"	1127	425	0.172388909230144
"2544"	1127	431	0.064491408364939
"2545"	1127	448	-0.0549207917883266
"2546"	1136	1131	0.198651228082338
"2547"	1136	1137	0.00668007964995758
"2548"	1136	1183	0.233439561488327
"2549"	1136	1195	0.228430094859224
"2550"	1136	1196	0.181359777839601
"2551"	1139	578	0.0530323487291917
"2552"	1143	439	-0.0568744791343657
"2553"	1143	1144	0.147435829162527
"2554"	1144	13	-0.0574129493345061
"2555"	1144	15	0.0677892378574223
"2556"	1144	16	-0.0100072263389912
"2557"	1144	395	0.0366704215234487
"2558"	1144	396	0.216384634512956
"2559"	1144	417	0.229703579654214
"2560"	1144	439	-0.0510643014479653
"2561"	1144	653	-0.0708854785854709
"2562"	1144	737	0.101571942831362
"2563"	1144	738	-0.0231848625560893
"2564"	1144	739	0.0788382904852352
"2565"	1144	780	0.123848387750227
"2566"	1144	855	0.0792874096177505
"2567"	1144	856	-0.00355326081721575
"2568"	1144	857	-0.105594746747294
"2569"	1144	952	0.0808608295390338
"2570"	1144	972	0.0988316045317568
"2571"	1144	976	-0.110952755553665
"2572"	1144	977	-0.131297520159258
"2573"	1144	1004	-0.140605363068837
"2574"	1144	1048	0.141576295619298
"2575"	1144	1063	-0.0659080837249998
"2576"	1144	1064	-0.122386213024913
"2577"	1144	1140	0.191535018927503
"2578"	1144	1206	0.108156558007236
"2579"	1144	1263	0.0347254467832803
"2580"	1144	1315	0.054805865819395
"2581"	1144	1317	-0.104891352059978
"2582"	1144	1365	0.0725934913114972
"2583"	1144	1366	0.0516259368830726
"2584"	1144	1419	0.0441306621634351
"2585"	1161	134	-0.0141541527764243
"2586"	1161	135	0.030566681876773
"2587"	1161	136	-0.0571545641513202
"2588"	1184	1185	0.681992063091037
"2589"	1184	1186	0.475420658756871
"2590"	1184	1187	0.476537541471339
"2591"	1184	1188	0.358575809369421
"2592"	1184	1189	0.402306085693788
"2593"	1184	1190	0.324533194283966
"2594"	1191	1184	0.203170116988496
"2595"	1191	1185	0.198674185461519
"2596"	1191	1186	0.131833609620177
"2597"	1191	1187	0.154713917939983
"2598"	1191	1188	0.0955143760213536
"2599"	1191	1189	0.12172712263015
"2600"	1191	1190	0.104642977331816
"2601"	1211	444	-0.154218034349151
"2602"	1211	449	-0.122320625226485
"2603"	1211	558	-0.150297330506746
"2604"	1211	559	-0.155338926007441
"2605"	1211	1203	-0.00541561134536589
"2606"	1211	1204	-0.0246794997884529
"2607"	1211	1205	-0.0292147108836595
"2608"	1211	1208	0.30198065884326
"2609"	1211	1209	0.328728680687436
"2610"	1211	1210	0.304691456490188
"2611"	1211	1372	-0.12897761265589
"2612"	1216	1214	0.0853947898280962
"2613"	1216	1215	0.0725723917472343
"2614"	1226	91	0.0514763897827407
"2615"	1226	92	0.19550070054502
"2616"	1226	93	0.0688802938552429
"2617"	1226	811	0.151075786427029
"2618"	1226	1220	0.0489442414441763
"2619"	1226	1221	0.0324047159535733
"2620"	1226	1222	-0.00830002457864062
"2621"	1226	1223	-0.00538916084401873
"2622"	1226	1224	0.0177727703351765
"2623"	1226	1225	-0.00186268414640434
"2624"	1226	1303	0.0944636021858894
"2625"	1235	89	0.0103803296826282
"2626"	1235	90	0.193995167970014
"2627"	1235	92	0.0342224702759513
"2628"	1235	93	-0.0729008279812361
"2629"	1235	94	0.0245846981521382
"2630"	1235	415	0.100322975255027
"2631"	1235	811	0.0187185435852551
"2632"	1235	1233	-0.00196074499334638
"2633"	1235	1234	-0.0196440548741078
"2634"	1235	1303	-0.0860014532907435
"2635"	1246	1247	0.0837205583469164
"2636"	1251	1248	0.291360187287403
"2637"	1251	1249	0.212577637503743
"2638"	1251	1250	0.25208675170008
"2639"	1259	1252	-0.0769583221155641
"2640"	1259	1253	0.287588096332647
"2641"	1259	1254	0.0990228489644041
"2642"	1259	1255	0.0326660921773198
"2643"	1259	1256	0.128096847511333
"2644"	1259	1257	0.226462034206828
"2645"	1259	1258	0.302400228404171
"2646"	1278	519	0.0816604329000187
"2647"	1278	1248	-0.0199056302682776
"2648"	1278	1249	-0.0405770318237288
"2649"	1278	1250	-0.0405216710697169
"2650"	1278	1276	0.161831601287618
"2651"	1278	1277	0.262963624324873
"2652"	1278	1384	0.075259840131074
"2653"	1285	1283	0.100485495619869
"2654"	1285	1284	0.0951295513854718
"2655"	1295	1290	0.102761733870752
"2656"	1295	1291	0.0166518905066017
"2657"	1295	1292	0.124727614087344
"2658"	1295	1293	0.14588135552952
"2659"	1295	1294	0.320323056180577
"2660"	1323	87	0.0575902642449372
"2661"	1323	1324	0.0751814491162046
"2662"	1323	1389	0.0563706705677432
"2663"	1323	1390	0.106700993582636
"2664"	1334	447	-0.048086642124197
"2665"	1334	748	-0.0150948629441965
"2666"	1334	749	-0.0458363846041202
"2667"	1353	1399	0.639128496610829
"2668"	1367	742	0.100452911853248
"2669"	1374	1133	0.108918811722244
"2670"	1374	1134	0.0618629534522473
"2671"	1374	1135	0.136450734639454
"2672"	1374	1375	0.139701149882489
"2673"	1374	1376	0.106469970830572
"2674"	1374	1377	0.0996961755956377
"2675"	1374	1378	0.162522801189888
"2676"	1374	1379	0.0979721465606706
"2677"	1401	288	0.154371406916364
"2678"	1401	1402	0.28938253736803
"2679"	1405	1404	0.0235805840059093
"2680"	1411	1410	0.0841399932414752
"2681"	1416	1415	0.17066644306185
"2682"	1416	1417	0.267891408331054
"2683"	1418	1387	-0.114183772733346
"2684"	1418	1388	-0.0307997789568807
"2685"	1418	1412	-0.0532689103375617
"2686"	1418	1413	-0.210882038648963
"2687"	1418	1414	-0.117824954016788
